Strawberry 0.0 234.24 58.254514 337.92
Strawberry 0.0 126.08 65.296874 234.24
Strawberry 0.0 19.2 112.66935399999998 150.4
Strawberry 0.0 802.56 112.66935399999998 1023.36
Strawberry 0.0 0.0 133.15384200000003 73.6
Strawberry 0.0 540.16 170.284078 765.44
Strawberry 26.887058 403.84 220.85644200000002 578.56
Strawberry 113.948934 259.84 266.308618 430.08
Strawberry 119.07099 155.52 250.304528 281.6
Strawberry 140.196202 24.32 256.06544 136.32
Strawberry 147.237628 80.64 259.266258 216.96
Strawberry 175.4052 0.0 276.550862 71.68
Strawberry 227.89880200000002 605.44 413.546246 780.16
Strawberry 233.019924 451.2 380.25755200000003 615.68
Strawberry 273.35004399999997 321.28 421.228396 430.72
Strawberry 283.59322199999997 190.72 420.587672 346.24
Strawberry 287.43383 836.48 504.44966400000004 1023.36
Strawberry 299.597312 33.28 418.667368 167.68
Strawberry 304.718434 122.24 427.63003199999997 253.44
Strawberry 346.968858 0.0 420.587672 94.72
Strawberry 432.75115400000004 0.0 518.53345 54.4
Strawberry 442.993398 71.68 542.85948 171.52
Strawberry 448.115454 147.2 574.22787 266.24
Strawberry 457.07718400000005 225.92 590.23196 381.44
Strawberry 464.11954399999996 7.04 556.943266 106.88
Strawberry 466.039848 455.04 623.520654 620.8
Strawberry 471.16096999999996 321.92 614.55799 476.16
Strawberry 516.6131459999999 579.2 684.336196 791.04
Strawberry 546.7000879999999 0.0 613.277476 58.24
Strawberry 565.904996 0.64 644.645866 91.52
Strawberry 585.109904 51.84 676.0133219999999 142.72
Strawberry 599.1936900000001 91.52 697.139468 212.48
Strawberry 611.357172 167.04 732.348466 301.44
Strawberry 660.649956 252.16 777.7997080000001 387.2
Strawberry 667.691382 0.0 718.26468 60.16
Strawberry 676.0133219999999 817.28 847.577914 990.72
Strawberry 684.975986 9.6 777.7997080000001 116.48
Strawberry 688.816594 367.36 818.129828 501.76
Strawberry 690.097108 470.4 809.168098 622.72
Strawberry 706.1011980000001 68.48 800.2054340000001 175.36
Strawberry 758.5948000000001 117.12 858.460882 240.0
Strawberry 773.9591 197.76 889.8283379999999 343.04
Strawberry 773.9591 590.08 915.434882 761.6
Strawberry 779.7200120000001 0.0 863.582004 76.16
Strawberry 816.2095240000001 26.24 905.192638 115.84
Strawberry 818.129828 300.16 933.3602099999999 443.52
Strawberry 824.5314639999999 425.6 933.3602099999999 572.8
Strawberry 831.5738240000001 803.84 933.3602099999999 985.6
Strawberry 851.418522 75.52 933.3602099999999 183.68
Strawberry 868.703126 135.04 933.3602099999999 234.24
Strawberry 901.35203 572.8 933.3602099999999 702.08
Strawberry 903.9121240000001 218.88 933.3602099999999 314.88
