Strawberry 778.88 496.96065 984.96 677.32526
Strawberry 0.0 493.12327999999997 112.0 684.36021
Strawberry 8.32 177.166345 234.88 429.164145
Strawberry 10.88 0.0 176.0 148.38469999999998
Strawberry 122.24 493.12327999999997 229.76 684.36021
Strawberry 149.76 8.31453 417.28 154.78054500000002
Strawberry 190.72 273.10470499999997 380.8 470.73748
Strawberry 192.0 380.55586000000005 476.8 660.055725
Strawberry 200.96 109.36984 355.84 307.002615
Strawberry 227.2 666.452255 413.44 684.36021
Strawberry 311.04 46.050495 605.44 328.10952000000003
Strawberry 388.48 285.896395 684.16 556.442625
Strawberry 408.32 586.503165 696.96 684.36021
Strawberry 611.84 72.273665 885.76 325.551045
Strawberry 616.96 494.402175 792.96 684.36021
Strawberry 668.16 246.881535 913.28 564.1173650000001
Strawberry 872.96 166.93244499999997 1006.72 386.951705
Strawberry 928.0 250.71890500000003 1023.36 535.336405
