Strawberry 0.0 473.08799999999997 120.832 643.071744
Strawberry 26.624 382.97625600000003 190.464 493.568256
Strawberry 126.976 471.03974400000004 249.856 567.296256
Strawberry 163.84 616.448256 299.008 714.752256
Strawberry 190.464 372.735744 354.304 487.424256
Strawberry 229.376 303.10425599999996 321.536 401.408256
Strawberry 241.664 532.479744 321.536 636.927744
Strawberry 299.008 253.95225599999998 393.216 389.120256
Strawberry 303.104 675.84 382.976 747.519744
Strawberry 315.392 516.096 425.984 598.016256
Strawberry 370.688 671.744256 466.944 722.9437439999999
