Strawberry 362.88 285.44 415.359744 330.88
Strawberry 375.03974400000004 259.2 429.440256 309.76
Strawberry 403.20000000000005 320.64 448.640256 364.16
Strawberry 413.43974399999996 222.72 452.480256 266.24
Strawberry 422.40000000000003 266.24 465.920256 311.68
Strawberry 433.280256 252.16 476.799744 287.36
Strawberry 453.75974399999996 341.76 504.96 394.24
Strawberry 457.599744 299.52 512.000256 337.92
Strawberry 476.799744 218.88 506.24025600000004 263.04
Strawberry 492.159744 252.16 529.280256 294.4
Strawberry 503.04 206.72 539.52 247.04
Strawberry 512.000256 283.52 550.400256 313.6
Strawberry 512.000256 308.48 555.519744 357.12
Strawberry 525.440256 234.88 564.48 266.24
Strawberry 528.0 345.6 560.64 390.4
Strawberry 543.36 264.32 577.92 299.52
Strawberry 550.400256 211.84 581.76 247.04
Strawberry 558.72 295.68 600.96 341.76
Strawberry 567.680256 325.76 613.119744 376.32
Strawberry 577.92 276.48 615.039744 320.64
Strawberry 581.76 366.08 639.36 425.6
Strawberry 584.960256 256.0 625.280256 294.4
Strawberry 584.960256 231.04 630.399744 264.32
Strawberry 599.04 295.68 643.2 341.76
Strawberry 620.16 328.96 662.4000000000001 368.0
Strawberry 644.480256 229.76 682.880256 273.28
Strawberry 646.400256 282.24 682.880256 320.64
Strawberry 651.519744 250.24 686.7202560000001 299.52
Strawberry 655.359744 355.2 709.119744 406.4
Strawberry 662.4000000000001 304.64 707.840256 350.08
Strawberry 695.679744 263.04 744.320256 302.72
Strawberry 709.119744 289.28 749.439744 332.8
Strawberry 709.119744 320.64 749.439744 373.12
