Strawberry 449.77766399999996 470.0682479999999 514.666496 518.0523420000001
Strawberry 466.666496 169.722384 579.555328 247.918836
Strawberry 466.666496 239.92114799999996 584.889344 338.55591
Strawberry 471.11065599999995 397.20291 570.667008 472.73414399999996
Strawberry 503.11065599999995 315.45238199999994 578.666496 410.53239
Strawberry 505.778176 543.821766 614.221824 626.461152
Strawberry 536.000512 349.218816 662.221824 447.8529
Strawberry 572.444672 440.744748 660.44416 523.384134
Strawberry 573.333504 257.693562 679.999488 358.993542
Strawberry 574.222336 165.27945 657.777664 273.68825999999996
Strawberry 611.555328 333.22411800000003 736.0 407.86649399999993
Strawberry 631.110656 486.95180400000004 714.667008 619.352322
Strawberry 646.221824 410.53239 770.666496 478.065258
Strawberry 648.889344 157.281762 728.000512 268.356468
Strawberry 674.666496 270.133506 752.888832 351.88471200000004
Strawberry 695.110656 320.783496 844.4446720000001 416.752362
Strawberry 700.444672 541.15587 820.44416 614.0212080000001
Strawberry 701.333504 460.293522 812.444672 554.484672
Strawberry 717.333504 235.47821400000004 825.778176 325.22643
Strawberry 719.111168 162.613554 849.7776640000001 238.14410999999998
