Strawberry 800.0 481.02360000000004 881.28 558.4224
Strawberry 32.0 453.5184 485.76 599.3604
Strawberry 228.48 256.50300000000004 632.96 486.141
Strawberry 321.28 269.2962 389.76 322.3878
Strawberry 463.36 120.2556 809.6 314.712
Strawberry 497.28 532.1964 846.72 599.3604
Strawberry 609.28 15.351600000000001 931.84 163.7526
Strawberry 616.96 342.21720000000005 1018.24 567.3774000000001
Strawberry 727.04 0.0 1023.36 58.84859999999999
Strawberry 749.44 159.91500000000002 1023.36 368.4438
Strawberry 879.36 52.452 1022.08 200.2134
