Strawberry 0.0 30.72 164.48 311.04
Strawberry 0.0 568.959744 227.84 767.360256
Strawberry 41.6 0.0 256.0 117.759744
Strawberry 50.56 279.680256 188.16 446.079744
Strawberry 92.16 288.63974399999995 241.28 426.24
Strawberry 203.52 39.039744 468.48 259.839744
Strawberry 272.0 0.0 548.48 106.23974399999999
Strawberry 372.48 113.919744 522.88 279.680256
Strawberry 590.72 488.319744 837.76 734.7202560000001
Strawberry 613.12 126.080256 899.84 368.00025600000004
Strawberry 721.28 42.879744 855.04 176.000256
Strawberry 783.36 676.479744 1023.36 767.360256
Strawberry 827.52 107.52000000000001 918.4 153.60000000000002
Strawberry 893.44 189.440256 968.96 295.040256
Strawberry 946.56 75.519744 1021.44 204.159744
Strawberry 984.96 311.04 1023.36 497.91974400000004
