Strawberry 0.0 621.5999999999999 35.999744 693.5999999999999
Strawberry 0.0 625.599744 39.199744 693.5999999999999
Strawberry 65.599488 14.399999999999999 140.8 106.400256
Strawberry 66.400256 7.199999999999999 139.199488 103.19999999999999
Strawberry 237.599744 593.600256 387.2 704.000256
Strawberry 375.199744 166.400256 715.200512 524.000256
Strawberry 376.800256 164.799744 718.400512 531.2002560000001
Strawberry 745.6 591.999744 888.000512 706.400256
Strawberry 870.4 16.799999999999997 951.1997439999999 103.19999999999999
Strawberry 871.1997439999999 12.0 955.2005119999999 104.00025600000001
