Strawberry 1.28 490.88025600000003 152.32 666.8797440000001
Strawberry 100.48 563.840256 292.48 721.280256
Strawberry 116.48 416.00025600000004 263.04 551.679744
Strawberry 193.28 417.920256 394.24 609.2797439999999
Strawberry 376.96 424.959744 607.36 695.04
Strawberry 464.64 54.399744000000005 633.6 172.160256
Strawberry 583.68 442.23974400000003 760.96 632.960256
Strawberry 694.4 243.84 888.96 406.400256
Strawberry 751.36 496.640256 888.96 650.88
Strawberry 807.04 399.99974399999996 933.76 535.040256
Strawberry 871.68 107.52000000000001 1023.36 259.839744
