Strawberry 32.64 220.160256 1023.36 619.520256
Strawberry 69.12 316.160256 1023.36 767.360256
Strawberry 402.56 712.959744 517.76 767.360256
Strawberry 405.12 0.0 833.92 97.92
Strawberry 444.8 29.439743999999997 898.56 183.03974399999998
Strawberry 488.96 69.12 956.8 261.12
Strawberry 513.92 661.760256 611.84 767.360256
Strawberry 534.4 270.080256 600.96 330.87974399999996
Strawberry 589.44 133.76025600000003 1011.2 330.87974399999996
Strawberry 603.52 633.5999999999999 696.32 734.7202560000001
Strawberry 681.6 590.079744 782.08 697.599744
Strawberry 769.28 565.119744 835.2 664.3199999999999
Strawberry 824.32 525.440256 913.28 627.2002560000001
Strawberry 899.84 489.59999999999997 977.92 591.36
Strawberry 977.92 456.96 1023.36 550.400256
