Strawberry 580.48 356.480256 663.04 417.920256
Strawberry 586.88 245.76 659.2 298.880256
Strawberry 592.0 282.87974399999996 681.6 364.79999999999995
Strawberry 594.56 178.56 695.04 263.04
Strawberry 659.2 219.519744 750.72 284.15999999999997
Strawberry 666.24 300.159744 723.84 374.4
Strawberry 666.24 277.760256 725.76 316.160256
Strawberry 681.6 362.240256 771.84 430.08000000000004
Strawberry 714.88 208.640256 798.08 286.719744
Strawberry 716.16 312.320256 816.64 396.800256
Strawberry 723.84 288.0 787.84 320.00025600000004
Strawberry 728.32 251.52 789.12 305.28000000000003
