Strawberry 354.67199 270.08 472.46973799999995 400.64
Strawberry 8.32284 19.2 124.199058 143.36
Strawberry 12.804135999999998 0.0 703.5824220000001 455.04
Strawberry 45.454228 0.0 81.945864 24.32
Strawberry 83.866636 0.0 192.06052400000004 87.68
Strawberry 101.152068 182.4 167.733272 282.24
Strawberry 104.993612 69.76 206.144922 187.52
Strawberry 139.564476 149.12 241.356296 236.8
Strawberry 141.48449 240.0 234.31447599999996 324.48
Strawberry 214.467762 3.84 310.498024 167.68
Strawberry 229.19267 205.44 300.894922 264.96
Strawberry 246.47810199999998 106.88 332.26551 199.68
Strawberry 290.652068 389.12 367.476126 462.72
Strawberry 307.9375 0.0 356.59276200000005 104.96
Strawberry 343.148874 0.0 388.6031019999999 42.24
Strawberry 425.09473799999995 360.96 519.844738 456.96
Strawberry 528.1675779999999 313.6 612.033456 432.64
Strawberry 605.631388 287.36 694.61983 390.4
Strawberry 629.959398 152.96 703.5824220000001 277.12
