Strawberry 103.040256 435.2 250.23974399999997 579.84
Strawberry 169.599744 581.76 260.480256 648.32
Strawberry 172.8 648.32 303.99974399999996 765.44
Strawberry 233.600256 164.48 428.799744 333.44
Strawberry 256.640256 540.16 384.63974399999995 665.6
Strawberry 288.63974399999995 721.92 414.08025599999996 849.28
Strawberry 312.96 396.16 377.600256 490.88
Strawberry 332.15999999999997 653.44 428.15999999999997 727.04
Strawberry 365.439744 286.08 494.72025600000006 408.96
Strawberry 374.4 615.04 465.27974399999994 698.88
Strawberry 375.680256 384.0 529.92 567.68
Strawberry 407.679744 691.84 506.88 802.56
Strawberry 408.96 567.68 517.760256 690.56
Strawberry 430.08000000000004 0.0 555.519744 104.96
Strawberry 432.0 102.4 519.039744 216.32
Strawberry 449.28 199.04 568.3199999999999 338.56
Strawberry 470.40000000000003 770.56 566.4000000000001 891.52
Strawberry 494.72025600000006 373.76 596.480256 488.96
Strawberry 494.72025600000006 597.76 638.079744 769.28
Strawberry 496.640256 18.56 603.519744 146.56
Strawberry 505.599744 490.88 610.5600000000001 604.8
Strawberry 542.079744 121.6 648.96 235.52
Strawberry 543.999744 228.48 645.12 342.4
Strawberry 547.2 711.04 647.04 851.2
Strawberry 643.839744 121.6 767.360256 270.72
Strawberry 737.919744 730.24 767.360256 816.0
