Strawberry 142.72 430.08000000000004 497.28 735.999744
Strawberry 165.76 257.28000000000003 302.72 452.480256
Strawberry 268.8 57.599999999999994 427.52 140.799744
Strawberry 421.76 604.8 615.04 722.559744
Strawberry 484.48 417.27974399999994 725.12 640.640256
Strawberry 559.36 80.00025600000001 735.36 247.68
Strawberry 592.64 499.20000000000005 763.52 641.919744
Strawberry 596.48 110.07974399999999 794.88 311.04
Strawberry 709.12 320.64 952.32 581.1202559999999
Strawberry 730.24 113.919744 943.36 345.6
