Strawberry 0.0 128.64000000000001 204.16 282.24
Strawberry 41.6 590.7202560000001 254.08 755.840256
Strawberry 165.76 114.560256 286.08 242.55974399999997
Strawberry 250.24 552.320256 396.16 722.559744
Strawberry 268.16 30.080256 407.68 197.76
Strawberry 387.84 521.600256 538.88 657.920256
Strawberry 403.84 98.559744 520.32 200.319744
Strawberry 525.44 67.83974400000001 640.64 181.76025600000003
Strawberry 536.32 511.359744 700.16 650.240256
Strawberry 629.76 55.040256 737.28 160.64025600000002
Strawberry 640.64 443.52 771.84 579.84
Strawberry 747.52 1.92 848.0 134.39999999999998
Strawberry 763.52 471.680256 893.44 597.12
Strawberry 800.64 61.44 933.12 184.32
Strawberry 829.44 417.27974399999994 951.68 525.440256
Strawberry 922.24 371.199744 1023.36 481.91999999999996
Strawberry 980.48 293.12025600000004 1023.36 392.319744
