Strawberry 25.6 441.450903 55.68 476.690288
Strawberry 169.6 358.15836999999993 177.28 368.4102
Strawberry 172.16 368.4102 178.56 381.864617
Strawberry 181.12 377.38003899999995 192.0 386.990532
Strawberry 188.16 370.9728160000001 197.12 378.66134700000003
Strawberry 320.64 392.116447 334.72 411.9780870000001
Strawberry 512.64 567.030698 528.64 585.611713
Strawberry 513.92 585.611713 545.28 641.9947289999999
Strawberry 531.2 569.5939970000001 544.0 585.611713
Strawberry 542.72 605.4740360000001 583.68 644.5573449999999
Strawberry 545.28 590.737628 562.56 611.8805759999999
Strawberry 549.76 520.899512 582.4 551.012982
Strawberry 565.12 549.09102 591.36 581.7671059999999
Strawberry 572.8 579.20449 590.08 595.8628600000001
Strawberry 591.36 567.030698 627.2 611.8805759999999
