Strawberry 98.71871999999999 393.20268799999997 289.46432000000004 587.293696
Strawberry 100.391936 522.039296 302.850048 786.4053759999999
Strawberry 210.823168 311.21612799999997 383.163392 483.55532800000003
Strawberry 257.673216 670.954496 468.496384 903.529472
Strawberry 286.117888 381.49017599999996 478.53567999999996 572.235776
Strawberry 311.21612799999997 525.385728 486.90175999999997 694.3795200000001
Strawberry 317.908992 192.418816 471.842816 393.20268799999997
Strawberry 381.49017599999996 73.62048 525.385728 261.019648
Strawberry 403.241984 289.46432000000004 599.006208 453.43744000000004
Strawberry 431.68665599999997 749.5946240000001 619.0848 953.725952
Strawberry 455.11065599999995 602.3526400000001 660.9152 791.425024
Strawberry 461.80352 197.43743999999998 590.640128 324.60083199999997
Strawberry 463.476736 431.68665599999997 635.81696 612.391936
Strawberry 555.503616 118.797312 694.3795200000001 267.712512
Strawberry 572.235776 254.32678399999998 707.764224 376.470528
Strawberry 592.313344 331.293696 761.307136 523.7125120000001
Strawberry 625.777664 513.673216 828.235776 717.80352
Strawberry 679.320576 143.895552 855.006208 331.293696
Strawberry 727.842816 261.019648 885.1240960000001 436.706304
Strawberry 739.555328 428.34022400000003 923.608064 595.659776
