Strawberry 0.0 329.96686200000005 302.08 571.515959
Strawberry 1.92 0.0 200.96 300.49404599999997
Strawberry 69.76 506.8037580000001 514.56 682.3593460000001
Strawberry 109.44 144.801464 348.16 417.74465599999996
Strawberry 193.28 0.0 389.76 198.62118100000004
Strawberry 265.6 258.848121 500.48 547.809712
Strawberry 343.04 112.765349 543.36 337.655393
Strawberry 385.92 0.0 638.08 203.746413
Strawberry 450.56 220.405466 682.88 492.708004
Strawberry 472.96 479.253587 529.28 620.2104439999999
Strawberry 520.96 426.714495 733.44 663.137677
Strawberry 584.32 215.279551 849.28 458.109956
Strawberry 585.6 14.736407999999999 845.44 235.14187400000003
Strawberry 619.52 556.7795510000001 895.36 682.3593460000001
Strawberry 698.24 370.33216200000004 1000.32 600.3481210000001
Strawberry 768.0 26.269546000000002 1023.36 276.147145
Strawberry 776.96 211.434944 1023.36 452.984041
