Strawberry 120.32 40.93833 204.16 114.500229
Strawberry 141.44 351.815448 168.96 381.87994199999997
Strawberry 156.8 375.483285 175.36 410.664555
Strawberry 173.44 218.12593500000003 229.12 290.40795299999996
Strawberry 316.8 472.712334 336.64 500.21775299999996
Strawberry 335.36 301.922073 360.32 326.86841699999997
Strawberry 366.72 178.46679899999998 421.76 230.919249
Strawberry 370.56 245.63135400000002 420.48 296.80461
Strawberry 391.68 236.676309 419.2 266.740116
Strawberry 444.16 227.08098 476.8 274.41596699999997
Strawberry 490.24 536.678904 516.48 568.022592
Strawberry 492.8 159.276828 549.12 199.57556100000002
Strawberry 501.76 240.513891 537.6 276.975042
Strawberry 525.44 257.14547400000004 559.36 295.525416
Strawberry 559.36 241.79308500000002 583.04 258.424668
Strawberry 563.84 261.622653 590.08 292.966341
Strawberry 592.64 165.673485 608.0 189.34063500000002
Strawberry 600.32 227.08098 631.68 261.622653
Strawberry 634.24 214.28766599999997 666.24 250.748817
Strawberry 668.8 220.68432299999998 686.72 249.468936
Strawberry 692.48 227.08098 705.28 253.307205
Strawberry 697.6 210.449397 718.72 235.39642800000001
Strawberry 711.68 166.95267900000002 726.4 181.02518700000002
Strawberry 718.72 210.449397 731.52 229.639368
Strawberry 718.72 188.06144099999997 736.64 205.97221799999997
Strawberry 722.56 174.62853 743.04 191.89971000000003
Strawberry 741.76 182.94397800000002 764.16 204.693024
Strawberry 773.76 173.349336 794.24 190.619829
Strawberry 810.24 120.896886 826.24 148.402305
Strawberry 817.92 159.276828 828.8 181.02518700000002
Strawberry 828.8 139.44726 842.88 164.393604
Strawberry 839.04 484.226454 864.0 520.6869180000001
Strawberry 856.32 395.312853 881.28 418.98069000000004
Strawberry 872.96 413.22362999999996 891.52 436.89077999999995
Strawberry 907.52 229.639368 921.6 248.189742
