Strawberry 363.52 43.56857 604.8 390.194485
Strawberry 378.88 182.603465 453.76 327.404246
Strawberry 453.76 236.42318200000003 727.04 543.965105
Strawberry 457.6 417.74465599999996 552.32 512.5703269999999
Strawberry 478.72 455.546657 668.8 596.503514
Strawberry 553.6 10.891801 810.88 124.29848700000001
Strawberry 584.96 61.508247999999995 813.44 306.260615
Strawberry 654.72 432.481064 938.24 608.036652
Strawberry 704.64 177.47755 945.92 438.88828700000005
Strawberry 760.96 0.0 964.48 210.153636
Strawberry 844.8 260.129429 1023.36 486.301464
Strawberry 858.24 151.208004 960.64 219.124158
Strawberry 939.52 55.101025 1023.36 166.585066
