Strawberry 245.12 482.559744 319.36 540.800256
Strawberry 272.0 385.91999999999996 339.2 457.599744
Strawberry 300.8 465.27974399999994 373.76 544.640256
Strawberry 315.52 411.519744 407.68 472.32
Strawberry 317.44 324.48 376.96 394.88025600000003
Strawberry 355.2 462.72 413.44 523.520256
Strawberry 368.0 395.52 413.44 474.879744
Strawberry 548.48 266.240256 606.08 364.160256
Strawberry 554.88 351.99974399999996 636.8 412.79999999999995
Strawberry 590.72 296.319744 664.32 375.680256
Strawberry 631.68 370.56 687.36 426.24
Strawberry 639.36 241.280256 696.32 305.919744
Strawberry 656.64 280.959744 704.0 339.200256
Strawberry 746.88 410.24025600000004 847.36 497.91974400000004
