Cucumber 695.68 214.400256 845.44 237.44025600000003
Cucumber 702.72 266.240256 787.2 284.799744
Cucumber 794.88 350.079744 866.56 513.2797439999999
Cucumber 821.76 318.71999999999997 923.52 499.839744
Cucumber 840.32 217.599744 856.96 232.959744
Cucumber 866.56 229.11974400000003 892.8 240.0
Cucumber 876.8 303.36 996.48 356.480256
Cucumber 891.52 338.55974399999997 1023.36 385.91999999999996
Cucumber 907.52 226.56 1020.16 247.68
Cucumber 926.08 371.199744 1023.36 437.76
Cucumber 936.32 286.08 1006.72 303.36
Cucumber 939.52 395.52 1023.36 501.12
