Strawberry 210.56 110.74905000000001 315.52 255.426615
Strawberry 264.32 511.49353499999995 343.04 603.677565
Strawberry 558.08 734.272245 590.72 764.359695
Strawberry 584.32 572.3095050000001 624.0 635.6859300000001
Strawberry 605.44 349.53155999999996 656.64 426.991635
Strawberry 666.24 0.0 732.16 125.473005
Strawberry 688.64 720.8281350000001 717.44 759.238785
Strawberry 726.4 602.3977199999999 755.84 645.9285150000001
Strawberry 762.24 445.55665500000003 793.6 494.209125
Strawberry 810.88 618.40152 835.84 648.489735
Strawberry 823.04 233.66083499999996 860.8 306.0
Strawberry 850.56 499.97034 878.08 537.740685
Strawberry 905.6 354.65246999999994 935.04 398.18403
Strawberry 912.64 533.89962 925.44 556.305705
Strawberry 919.04 0.0 946.56 30.727755000000002
Strawberry 957.44 419.309505 975.36 449.39772
Strawberry 982.4 159.40151999999998 1008.64 217.657035
Strawberry 1009.92 281.03346 1023.36 312.40152
