Strawberry 0.0 0.0 105.6 89.600256
Strawberry 0.0 321.920064 171.52 575.360064
Strawberry 141.44 339.200064 412.8 575.360064
Strawberry 210.56 0.0 431.36 168.31987199999998
Strawberry 293.12 177.92006399999997 556.8 340.47993599999995
Strawberry 310.4 30.719808000000004 358.4 68.480064
Strawberry 414.08 329.599872 671.36 575.360064
Strawberry 458.88 0.0 676.48 127.99987199999998
Strawberry 663.04 310.40006400000004 931.2 575.360064
Strawberry 688.0 0.0 929.92 50.560128
Strawberry 901.12 315.520128 1023.36 575.360064
Strawberry 931.2 0.0 967.68 14.720256
Strawberry 949.12 0.0 1002.88 33.280128
Strawberry 975.36 14.720256 1021.44 53.119872
Strawberry 1004.16 0.0 1022.72 32.00025599999999
