Strawberry 0.0 267.59799 106.24 453.25217
Strawberry 0.0 0.0 193.28 112.67291
Strawberry 1.28 107.55116499999998 179.2 271.43947000000003
Strawberry 30.72 221.50433999999998 317.44 428.92508000000004
Strawberry 131.84 306.009365 289.28 537.757195
Strawberry 147.2 98.588625 355.84 236.86889
Strawberry 156.16 0.0 209.92 103.71037000000001
Strawberry 181.76 0.0 325.12 106.2709
Strawberry 189.44 508.30836000000005 519.68 641.467565
Strawberry 208.64 0.0 449.28 121.63545
Strawberry 270.08 294.486295 423.68 519.8321149999999
Strawberry 290.56 87.06555499999999 488.96 318.81338500000004
Strawberry 305.92 399.47693 601.6 597.934445
Strawberry 395.52 250.95317500000002 623.36 409.71973500000007
Strawberry 427.52 0.0 591.36 137.0
Strawberry 478.72 61.458200000000005 628.48 263.75719499999997
Strawberry 540.16 285.52307 682.24 478.85952499999996
Strawberry 540.16 455.81338500000004 741.12 636.3458199999999
Strawberry 577.28 14.084285000000001 622.08 97.30836
Strawberry 583.68 0.0 761.6 135.71973500000001
Strawberry 600.32 94.74783 769.28 284.242805
Strawberry 608.0 274.0 784.64 416.12174500000003
Strawberry 646.4 51.21471 842.24 216.38328
Strawberry 668.16 385.392645 862.72 560.80402
Strawberry 753.92 2.5605300000000004 881.92 81.94381
Strawberry 765.44 171.569895 948.48 340.57926000000003
Strawberry 774.4 282.96254 945.92 463.49566
Strawberry 837.12 113.953175 1011.2 289.36455
Strawberry 870.4 3.840795 975.36 119.07491999999999
Strawberry 913.92 44.813385000000004 1022.72 181.813385
