Strawberry 121.6 207.895758 161.600512 279.85939800000006
Strawberry 127.20025600000001 432.583032 248.80025600000002 544.52727
Strawberry 169.6 508.54545 278.4 630.883638
Strawberry 235.199488 300.64969199999996 326.4 365.416968
Strawberry 348.8 288.65495400000003 427.200512 419.78949600000004
Strawberry 402.400256 334.232724 509.59974400000004 415.791516
Strawberry 549.600256 372.613332 736.0 497.350308
Strawberry 760.800256 211.893738 827.200512 263.06788200000005
Strawberry 855.1997439999999 361.418988 956.000256 458.170104
Strawberry 881.5994880000001 381.40888800000005 1010.400256 470.96364000000005
