Strawberry 139.37766399999998 600.1776639999999 250.310656 750.932992
Strawberry 146.015232 250.310656 266.42944 389.689344
Strawberry 156.444672 379.25888 262.636544 540.444672
Strawberry 211.436544 552.7705599999999 307.2 675.081216
Strawberry 237.036544 224.710656 387.792896 336.592896
Strawberry 245.57056 347.022336 376.415232 492.08934400000004
Strawberry 307.2 563.2 436.148224 687.407104
Strawberry 344.177664 320.474112 445.62944000000005 451.318784
Strawberry 388.74112 393.481216 525.2741120000001 530.963456
Strawberry 436.148224 605.867008 558.45888 734.815232
Strawberry 445.62944000000005 320.474112 553.718784 423.822336
Strawberry 528.118784 702.5776639999999 641.8964480000001 837.215232
Strawberry 597.332992 818.251776 707.3187839999999 940.5634560000001
