Strawberry 0.0 106.23974399999999 162.56 200.960256
Strawberry 0.0 300.800256 216.32 369.920256
Strawberry 0.0 367.359744 285.44 561.920256
Strawberry 33.28 14.079744000000002 220.16 139.520256
Strawberry 106.24 151.040256 226.56 212.480256
Strawberry 125.44 170.240256 253.44 304.640256
Strawberry 134.4 16.640256 290.56 117.759744
Strawberry 179.2 125.439744 257.28 184.32
Strawberry 180.48 203.52 362.24 350.720256
Strawberry 186.88 102.39974399999998 294.4 167.679744
Strawberry 258.56 0.0 367.36 81.92025600000001
Strawberry 262.4 42.24 366.08 152.319744
Strawberry 276.48 398.079744 514.56 663.039744
Strawberry 313.6 247.040256 505.6 424.959744
Strawberry 352.0 0.0 500.48 74.24025599999999
Strawberry 367.36 43.520255999999996 473.6 99.84
Strawberry 448.0 0.0 573.44 63.99974400000001
Strawberry 467.2 90.87974399999999 633.6 215.04000000000002
Strawberry 472.32 48.639744 538.88 106.23974399999999
Strawberry 499.2 270.080256 697.6 445.43999999999994
Strawberry 564.48 16.640256 663.04 92.16
Strawberry 578.56 412.160256 779.52 661.760256
Strawberry 682.24 270.080256 867.84 436.479744
Strawberry 692.48 21.759743999999998 755.2 83.199744
Strawberry 769.28 221.43974400000002 945.92 354.560256
Strawberry 770.56 49.92 844.8 125.439744
Strawberry 771.84 405.75974399999996 1022.72 622.08
Strawberry 825.6 157.44 961.28 273.920256
Strawberry 830.72 111.35999999999999 979.2 157.44
Strawberry 881.92 281.600256 1022.72 495.36
