Strawberry 268.8 92.799744 401.60051200000004 288.0
Strawberry 275.2 89.600256 401.60051200000004 286.400256
Strawberry 355.2 147.200256 544.0 347.199744
Strawberry 368.0 35.199743999999995 496.0 187.2
Strawberry 372.799488 44.799744000000004 489.6 159.999744
Strawberry 494.39948799999996 39.99974400000001 633.6 185.600256
Strawberry 519.999488 123.200256 713.6 313.599744
Strawberry 532.799488 107.19974399999998 707.2 305.600256
Strawberry 633.6 76.80000000000001 756.799488 252.800256
Strawberry 636.8 76.80000000000001 761.6 254.39999999999998
