Strawberry 0.0 507.200512 182.4 697.6
Strawberry 56.000512 240.0 249.6 478.39948799999996
Strawberry 65.599488 649.6 304.0 862.4005119999999
Strawberry 118.4 480.0 398.39948799999996 691.2
Strawberry 145.600512 417.60051200000004 256.0 513.599488
Strawberry 195.2 32.0 423.999488 262.4
Strawberry 231.99948799999999 310.4 435.2 483.2
Strawberry 278.4 763.200512 486.4 966.4
Strawberry 391.999488 166.4 583.999488 310.4
Strawberry 403.2 59.200511999999996 561.599488 188.8
Strawberry 435.2 691.2 667.200512 900.7994880000001
Strawberry 572.8 118.4 731.200512 275.2
Strawberry 583.999488 793.6 788.799488 993.5994880000001
Strawberry 649.6 188.8 878.4005119999999 342.4
Strawberry 689.599488 337.60051200000004 884.7994880000001 537.6
Strawberry 768.0 667.200512 907.2005119999999 841.6
Strawberry 795.200512 486.4 958.4005119999999 670.400512
Strawberry 828.8 316.8 1022.4005119999999 528.0
