Strawberry 161.28 506.88 288.64 644.480256
Strawberry 167.04 242.55974399999997 247.68 327.03974400000004
Strawberry 188.16 149.76 298.88 257.28000000000003
Strawberry 246.4 421.11974399999997 378.24 549.12
Strawberry 317.44 330.87974399999996 408.96 440.96025599999996
Strawberry 375.68 305.919744 469.76 406.400256
Strawberry 407.68 95.360256 513.28 217.599744
Strawberry 465.92 82.56 566.4 189.440256
Strawberry 575.36 681.5999999999999 661.76 767.360256
Strawberry 721.28 672.639744 814.72 767.360256
Strawberry 818.56 490.88025600000003 896.64 587.52
