Strawberry 0.0 345.38385000000005 261.12 547.2307450000001
Strawberry 34.56 149.30328500000002 272.0 324.23789999999997
Strawberry 63.36 204.41085 352.0 460.724835
Strawberry 193.28 41.65074 475.52 242.857845
Strawberry 194.56 474.18165999999997 392.32 684.359525
Strawberry 296.96 369.092385 531.84 565.8141099999999
Strawberry 343.04 150.58492 598.4 396.64651
Strawberry 385.92 486.99732499999993 782.08 684.359525
Strawberry 420.48 4.48538 640.64 218.50815
Strawberry 481.92 219.148625 700.8 413.30708
Strawberry 614.4 283.22763499999996 951.68 654.88329
Strawberry 635.52 0.0 915.84 164.04106000000002
Strawberry 640.64 137.769255 985.6 426.76322
