Strawberry 686.0134400000001 399.895552 975.476736 709.43744
Strawberry 0.0 696.052736 403.241984 1022.326784
Strawberry 3.346432 0.0 230.90176 194.09100800000002
Strawberry 142.222336 48.523264000000005 451.764224 359.73836800000004
Strawberry 182.37951999999999 334.640128 488.574976 607.372288
Strawberry 222.53567999999999 520.36608 578.9276160000001 958.7456
Strawberry 386.50982400000004 302.850048 734.53568 580.6008320000001
Strawberry 424.993792 100.391936 714.457088 381.49017599999996
Strawberry 548.810752 620.758016 891.81696 950.37952
Strawberry 639.163392 71.947264 915.241984 361.411584
Strawberry 764.653568 204.130304 1022.326784 515.346432
