Strawberry 449.60051200000004 217.6 598.4 308.799488
Strawberry 188.8 196.800512 326.4 331.200512
Strawberry 196.800512 643.2 395.200512 838.4
Strawberry 204.8 363.200512 398.39948799999996 569.6
Strawberry 246.4 71.999488 376.000512 196.800512
Strawberry 304.0 524.8 475.200512 681.6
Strawberry 342.4 156.8 427.200512 286.39948799999996
Strawberry 345.6 305.60051200000004 491.200512 481.60051200000004
Strawberry 395.200512 126.400512 467.2 216.00051200000001
Strawberry 467.2 505.6 593.599488 630.4
Strawberry 492.8 25.6 638.400512 150.4
Strawberry 529.599488 126.400512 612.799488 220.8
