Strawberry 668.99968 154.00014000000002 780.0002559999999 267.00002
Strawberry 113.00044799999999 433.00025999999997 250.999808 502.0001
Strawberry 115.99974399999999 494.00035999999994 231.99948799999999 561.99962
Strawberry 115.99974399999999 367.9998 252.000256 441.0
Strawberry 136.99993600000002 299.99956000000003 245.999616 377.99972
Strawberry 136.99993600000002 544.99956 247.000064 610.0000200000001
Strawberry 158.999552 583.9996400000001 282.99980800000003 688.99978
Strawberry 177.999872 244.0004 280.999936 332.00048000000004
Strawberry 211.999744 206.99951999999996 305.000448 291.99982000000006
Strawberry 216.999936 637.0 309.00019199999997 752.00006
Strawberry 247.000064 448.00014000000004 346.000384 504.00028000000003
Strawberry 252.000256 516.0003800000001 353.99987200000004 580.99986
Strawberry 254.000128 382.00008 353.99987200000004 443.00017999999994
Strawberry 263.000064 159.0001 344.000512 257.9997
Strawberry 270.999552 680.00044 360.999936 801.0000600000001
Strawberry 270.999552 318.9998 366.00012799999996 394.99978
Strawberry 295.000064 570.0003399999999 391.999488 651.9998800000001
Strawberry 309.999616 261.00046 389.999616 352.99992
Strawberry 314.000384 122.0002 407.000064 230.00012
Strawberry 344.000512 705.0002400000001 412.000256 828.0000399999999
Strawberry 344.000512 587.0004 437.999616 688.99978
Strawberry 350.999552 465.00019999999995 437.999616 529.99968
Strawberry 353.99987200000004 406.00028 442.99980800000003 465.00019999999995
Strawberry 368.0 234.00048 428.99967999999996 333.99968
Strawberry 375.000064 345.99978 462.99955199999994 423.99994
Strawberry 387.00032000000004 502.0001 467.00032000000004 587.0004
Strawberry 387.999744 107.99992 455.999488 210.00028
Strawberry 398.999552 740.9995600000001 494.000128 857.9998
Strawberry 428.000256 624.9999 496.0 739.9999600000001
Strawberry 433.00044800000006 218.99962 488.99993600000005 313.99983999999995
Strawberry 433.00044800000006 311.99966 494.000128 399.99974
Strawberry 455.00006399999995 516.0003800000001 517.9996160000001 617.9997599999999
Strawberry 460.000256 411.99984 533.000192 490.0
Strawberry 460.000256 95.99982 540.99968 215.99984
Strawberry 490.000384 742.99974 560.0 869.0003
Strawberry 490.000384 220.00020000000004 565.000192 315.00042
Strawberry 496.0 607.99984 579.00032 737.00018
Strawberry 501.00019199999997 311.99966 567.000064 399.99974
Strawberry 513.999872 512.9996199999999 586.0003839999999 597.99992
Strawberry 535.000064 352.99992 622.999552 421.00016000000005
Strawberry 538.0003839999999 477.00030000000004 640.0 548.00032
Strawberry 547.00032 100.99977999999999 620.0002559999999 210.99988
Strawberry 551.999488 730.9996400000001 622.999552 859.9999799999999
Strawberry 551.999488 421.00016000000005 659.00032 482.00025999999997
Strawberry 554.999808 230.00012 636.99968 318.9998
Strawberry 561.999872 605.99966 645.000192 712.0003800000001
Strawberry 581.9996160000001 267.99962 686.000128 343.0
Strawberry 581.9996160000001 573.99972 691.00032 654.9996600000001
Strawberry 597.9996160000001 122.99979999999998 693.9996160000001 218.00001999999998
Strawberry 604.0002559999999 715.99976 689.000448 835.9997800000001
Strawberry 622.999552 308.99987999999996 725.000192 382.99968
Strawberry 625.999872 526.0003 730.0003839999999 604.0004600000001
Strawberry 643.00032 681.99964 753.999872 784.0
Strawberry 650.0003839999999 414.00001999999995 766.000128 472.00034
Strawberry 654.000128 357.99988 752.0 416.99980000000005
Strawberry 654.000128 480.00008 764.0002559999999 546.99974
Strawberry 693.9996160000001 632.00004 800.0 718.9995399999999
Strawberry 705.000448 230.00012 812.0002559999999 293.0004
Strawberry 734.999552 590.0001799999999 846.999552 680.00044
Strawberry 739.9997440000001 267.99962 837.000192 350.99974000000003
Strawberry 760.999936 335.99986 872.9999359999999 406.9998800000001
Strawberry 766.000128 517.99958 888.000512 605.00006
Strawberry 769.000448 404.0001 888.000512 465.00019999999995
Strawberry 778.999808 482.00025999999997 903.999488 536.00022
