Strawberry 0.0 723.2 99.2 859.2005119999999
Strawberry 24.000512 571.200512 123.19948799999999 649.6
Strawberry 97.599488 723.2 216.00051200000001 859.2005119999999
Strawberry 123.19948799999999 571.200512 220.8 683.200512
Strawberry 216.00051200000001 748.8 315.200512 875.2005119999999
Strawberry 217.6 576.0 300.8 667.200512
Strawberry 286.39948799999996 774.4 387.2 875.2005119999999
Strawberry 297.6 585.6 390.4 659.2
Strawberry 323.2 724.799488 409.6 801.599488
Strawberry 384.0 798.400512 487.999488 881.5994880000001
Strawberry 387.2 555.200512 480.0 664.000512
Strawberry 396.8 446.39948799999996 446.39948799999996 516.799488
Strawberry 406.4 718.400512 496.0 798.400512
Strawberry 412.8 312.000512 467.2 406.4
Strawberry 441.6 457.6 521.6 534.4
Strawberry 475.200512 326.4 545.599488 420.799488
Strawberry 484.799488 561.599488 569.6 649.6
Strawberry 487.999488 793.6 577.599488 876.8
Strawberry 507.200512 716.8 587.200512 801.599488
Strawberry 518.4 460.8 587.200512 528.0
Strawberry 550.4 336.0 630.4 427.200512
Strawberry 571.200512 561.599488 651.200512 654.400512
Strawberry 580.799488 774.4 689.599488 884.7994880000001
Strawberry 593.599488 484.799488 662.4 550.4
Strawberry 595.2 448.0 664.000512 499.2
Strawberry 601.6 710.4 692.799488 804.799488
Strawberry 638.400512 337.60051200000004 697.6 412.8
Strawberry 654.400512 553.6 750.400512 657.599488
Strawberry 662.4 475.200512 721.599488 540.8
Strawberry 689.599488 771.2 777.6 884.7994880000001
Strawberry 696.000512 345.6 768.0 406.4
Strawberry 726.4 467.2 807.999488 555.200512
Strawberry 747.200512 572.8 832.0 681.6
Strawberry 775.999488 340.799488 836.799488 419.2
Strawberry 775.999488 720.0 856.000512 807.999488
Strawberry 775.999488 792.000512 873.6 900.7994880000001
Strawberry 803.2 446.39948799999996 884.7994880000001 532.799488
Strawberry 822.4 569.6 913.5994880000001 664.000512
Strawberry 841.6 352.0 929.5994880000001 460.8
Strawberry 852.7994880000001 729.6 934.4 793.6
Strawberry 875.2005119999999 784.0 955.2005119999999 896.0
Strawberry 881.5994880000001 467.2 942.4005119999999 526.400512
Strawberry 899.2 576.0 984.000512 665.6
Strawberry 944.0 811.200512 1020.8 896.0
Strawberry 947.2 752.0 1022.4005119999999 817.599488
