Strawberry 0.0 112.69300000000001 90.24 238.83231999999998
Strawberry 12.8 258.68152 136.96 381.61940000000004
Strawberry 45.44 334.87756 186.88 492.3914
Strawberry 108.16 645.42404 172.8 679.35944
Strawberry 170.24 263.80396 335.36 416.19604
Strawberry 213.12 18.568759999999997 352.64 192.73104
Strawberry 215.68 622.3727200000001 309.12 679.35944
Strawberry 240.64 540.4143600000001 316.8 630.05672
Strawberry 314.24 0.0 453.12 87.72136
Strawberry 331.52 91.56335999999999 450.56 207.4578
Strawberry 334.08 253.55908000000002 516.48 413.63448
Strawberry 391.68 152.3914 563.84 320.15080000000006
Strawberry 425.6 0.0 600.32 171.60072000000002
Strawberry 440.32 512.8811599999999 541.44 631.33716
Strawberry 555.52 478.94508 613.76 537.8528
Strawberry 587.52 0.0 685.44 40.33896
Strawberry 610.56 418.75692 864.0 631.33716
Strawberry 618.24 218.34256 808.96 473.18276
Strawberry 735.36 64.03016 806.4 116.535
Strawberry 794.24 267.64596 925.44 420.03736000000004
Strawberry 817.92 582.67432 922.88 679.35944
Strawberry 831.36 102.44811999999999 932.48 197.8528
Strawberry 938.88 160.07540000000003 991.36 233.70987999999997
Strawberry 971.52 46.10196 1015.04 153.67252
Strawberry 972.8 153.67252 1017.6 299.02047999999996
