Strawberry 0.0 244.62005399999998 82.45145600000001 425.42633
Strawberry 0.0 0.0 114.36851200000001 132.945428
Strawberry 95.75014399999999 15.953615999999998 188.841984 135.604364
Strawberry 98.410496 547.7367 223.41836800000002 670.046384
Strawberry 175.543296 268.550478 321.828864 382.88403999999997
Strawberry 188.841984 372.248296 332.4672 452.01568999999995
Strawberry 194.16064 651.433832 279.272448 683.341064
Strawberry 247.355392 82.42633 393.641984 196.75989199999998
Strawberry 351.085568 82.42633 462.79475199999996 172.829468
Strawberry 377.682944 563.68963 534.6078719999999 683.341064
Strawberry 430.877696 284.504094 558.54592 417.449522
Strawberry 508.010496 561.030694 648.9763839999999 683.341064
Strawberry 513.3301759999999 215.37175800000003 662.275072 377.566168
Strawberry 542.58688 13.294680000000001 715.469824 132.945428
Strawberry 614.4 106.35675400000001 720.789504 175.488404
Strawberry 758.02624 555.7135079999999 891.01312 683.341064
Strawberry 760.685568 364.27148800000003 914.9501439999999 481.2633
Strawberry 766.005248 223.348566 944.2078720000001 380.225104
Strawberry 803.241984 15.953615999999998 936.228864 146.240108
Strawberry 930.909184 55.83697000000001 1021.340672 188.783084
