Strawberry 0.0 718.400512 116.80051200000001 868.7994880000001
Strawberry 0.0 203.199488 160.0 427.200512
Strawberry 0.0 419.2 163.2 528.0
Strawberry 0.0 38.4 192.0 209.600512
Strawberry 0.0 502.4 359.999488 814.400512
Strawberry 0.0 796.8 384.0 1022.4005119999999
Strawberry 14.399488 0.0 164.800512 64.0
Strawberry 30.399488 300.8 371.2 545.599488
Strawberry 68.800512 92.8 385.60051200000004 321.60051200000004
Strawberry 160.0 0.0 422.4 152.00051200000001
Strawberry 252.8 902.4 654.400512 1022.4005119999999
Strawberry 286.39948799999996 633.6 656.0 918.4
Strawberry 288.0 428.8 547.2 662.4
Strawberry 337.60051200000004 211.2 636.8 428.8
Strawberry 382.39948799999996 17.600512 595.2 228.800512
Strawberry 417.60051200000004 0.0 585.6 57.6
Strawberry 516.799488 417.60051200000004 827.200512 686.400512
Strawberry 598.4 0.0 800.0 59.200511999999996
Strawberry 600.000512 233.6 966.4 486.4
Strawberry 604.8 56.000512 867.2 227.2
Strawberry 608.0 644.799488 924.8 945.5994880000001
Strawberry 627.2 900.7994880000001 939.2005119999999 1022.4005119999999
Strawberry 807.999488 0.0 1022.4005119999999 65.599488
Strawberry 830.400512 38.4 1022.4005119999999 251.199488
Strawberry 848.0 212.800512 1022.4005119999999 468.799488
Strawberry 867.2 455.999488 1022.4005119999999 750.400512
Strawberry 929.5994880000001 750.400512 1022.4005119999999 1022.4005119999999
