Strawberry 467.84 179.19974399999998 546.56 260.480256
Strawberry 190.72 412.79999999999995 208.0 471.03974400000004
Strawberry 198.4 460.79999999999995 227.84 510.72
Strawberry 231.68 494.079744 272.64 546.560256
Strawberry 277.76 526.719744 333.44 578.559744
Strawberry 322.56 553.599744 405.12 625.92
Strawberry 336.0 252.800256 384.0 291.200256
Strawberry 366.72 287.36025600000005 414.08 364.160256
Strawberry 392.96 567.680256 483.2 638.079744
Strawberry 427.52 194.55974399999997 465.92 254.079744
Strawberry 451.2 576.0 552.96 625.92
Strawberry 549.12 573.440256 634.88 631.040256
Strawberry 552.96 183.03974399999998 613.76 275.840256
Strawberry 599.04 194.55974399999997 673.28 267.519744
Strawberry 623.36 541.4399999999999 689.28 607.359744
Strawberry 682.88 501.75974399999996 742.4 581.1202559999999
Strawberry 725.12 484.479744 773.76 553.599744
Strawberry 759.04 446.079744 797.44 517.760256
Strawberry 785.92 422.40000000000003 813.44 465.920256
