Strawberry 309.041152 169.69933200000003 508.397568 369.01656
Strawberry 56.844288 0.0 917.516288 623.5655580000001
Strawberry 62.448640000000005 74.44371 211.364864 246.544364
Strawberry 140.109824 7.203965999999999 270.61145600000003 156.091386
Strawberry 146.51494399999999 227.333106 319.44908799999996 355.408614
Strawberry 195.352576 369.01656 361.882624 505.896688
Strawberry 219.37152000000003 61.636432 397.110272 208.121848
Strawberry 329.858048 5.603312 553.232384 173.70199
Strawberry 341.066752 369.01656 522.80832 527.509268
Strawberry 469.966848 456.267548 620.484608 615.560924
Strawberry 494.78655999999995 188.11060399999997 666.9209599999999 391.429808
Strawberry 555.633664 365.013902 742.980608 548.321862
Strawberry 558.8367360000001 0.0 735.77472 200.117214
Strawberry 701.34784 268.957612 835.853312 413.843056
Strawberry 709.354496 80.84769000000001 919.918592 283.36622600000004
Strawberry 710.155264 5.603312 858.2707199999999 100.85893399999999
