Strawberry 0.0 658.56 171.710981 824.96
Strawberry 0.0 606.72 281.913714 814.72
Strawberry 2.5626160000000002 341.76 100.59223999999999 451.84
Strawberry 2.5626160000000002 338.56 101.87354799999999 455.04
Strawberry 28.191508 602.88 130.065056 681.6
Strawberry 47.412493999999995 330.24 75.604002 362.88
Strawberry 89.69975600000001 369.92 136.471596 433.28
Strawberry 114.046657 643.2 274.865837 800.64
Strawberry 208.87232799999998 487.68 364.565593 625.28
Strawberry 219.124158 445.44 443.373548 638.08
Strawberry 226.17135199999998 438.4 397.88301600000005 552.32
Strawberry 273.584529 369.92 397.88301600000005 424.32
Strawberry 296.009468 314.24 417.104002 378.88
Strawberry 303.057345 725.12 627.258321 1019.52
Strawberry 312.027184 331.52 445.29551 398.08
Strawberry 317.153099 774.4 504.24114199999997 982.4
Strawberry 353.673792 503.04 434.403709 562.56
Strawberry 436.325671 828.8 604.192045 1001.6
Strawberry 436.325671 736.0 635.587506 868.48
Strawberry 458.75061 553.6 606.11469 693.76
Strawberry 463.875842 541.44 681.078038 743.04
Strawberry 492.06735000000003 378.88 682.3593460000001 499.84
Strawberry 504.24114199999997 407.04 593.940898 474.88
Strawberry 532.43265 428.16 641.353392 512.0
Strawberry 565.74939 553.6 682.3593460000001 643.2
Strawberry 574.7192289999999 622.08 682.3593460000001 714.88
Strawberry 577.923182 378.88 658.653099 469.76
Strawberry 661.856369 424.32 682.3593460000001 473.6
