Strawberry 604.160256 552.32 764.7997439999999 738.56
Strawberry 0.0 60.8 79.35974399999999 125.44
Strawberry 0.0 408.96 79.35974399999999 609.92
Strawberry 0.0 268.8 83.199744 328.32
Strawberry 0.0 279.04 212.480256 408.96
Strawberry 6.399744 134.4 128.64000000000001 211.2
Strawberry 56.960256 408.96 275.840256 632.96
Strawberry 58.880256 78.08 167.04 156.8
Strawberry 152.96025600000002 0.0 677.76 251.52
Strawberry 156.80025600000002 246.4 286.08 325.12
Strawberry 161.91974399999998 615.04 420.48 919.68
Strawberry 250.88025599999997 968.32 417.27974399999994 1023.36
Strawberry 282.24 302.08 494.079744 417.28
Strawberry 371.840256 650.24 583.6800000000001 924.8
Strawberry 472.959744 206.08 767.360256 555.52
