Strawberry 0.0 0.0 378.88 183.77682000000001
Strawberry 259.84 290.073155 426.24 470.64775
Strawberry 278.4 445.03412499999996 375.68 530.83956
Strawberry 279.68 255.49497000000002 339.84 356.0273
Strawberry 292.48 150.47952500000002 392.96 297.11638000000005
Strawberry 315.52 142.154575 510.72 329.774065
Strawberry 351.36 420.06094500000006 512.0 608.32088
Strawberry 388.48 57.63003 462.08 158.163195
Strawberry 401.92 275.34542500000003 546.56 404.693605
Strawberry 405.76 395.72821 573.44 546.8481800000001
Strawberry 407.04 601.2768199999999 520.32 692.845425
Strawberry 442.24 5.122725 560.64 149.198635
Strawberry 467.84 178.01365 570.88 275.34542500000003
Strawberry 481.92 510.98910500000005 657.92 762.001795
Strawberry 561.92 452.07818499999996 762.88 601.2768199999999
Strawberry 563.84 368.83453000000003 668.16 457.841355
Strawberry 584.96 142.154575 711.04 263.81908500000003
Strawberry 624.0 33.297295 731.52 154.961805
Strawberry 650.88 618.56633 752.64 697.3277049999999
Strawberry 656.64 259.97725 758.4 371.39547500000003
Strawberry 672.64 107.57639 830.08 285.59087500000004
Strawberry 692.48 454.639965 870.4 684.520475
Strawberry 704.0 297.11638000000005 890.24 447.595905
Strawberry 722.56 67.23503500000001 839.04 144.71635500000002
Strawberry 776.96 282.38865 1018.24 469.36769499999997
Strawberry 797.44 124.86590000000001 912.0 279.827705
Strawberry 846.08 461.68319 956.16 556.453185
Strawberry 860.16 218.35500500000003 972.16 308.64272
