Strawberry 237.44 188.209125 351.36 302.79924
Strawberry 0.0 0.0 119.04 103.06692
Strawberry 0.0 198.45171 136.32 374.49809999999997
Strawberry 0.0 469.2425850000001 309.12 764.359695
Strawberry 0.0 103.06692 350.08 467.961975
Strawberry 0.0 0.0 368.64 119.07148500000001
Strawberry 11.52 112.66919999999999 129.92 219.577185
Strawberry 50.56 327.125475 208.64 465.40152
Strawberry 65.28 220.85779500000004 172.16 322.00379999999996
Strawberry 86.4 96.6654 273.28 261.18859499999996
Strawberry 95.36 0.0 152.32 91.54372500000001
Strawberry 132.48 265.66920000000005 244.48 354.012165
Strawberry 137.6 0.0 260.48 115.23041999999998
Strawberry 200.96 288.075285 343.04 435.31407
Strawberry 238.08 0.0 364.16 74.259315
Strawberry 348.16 597.276045 465.92 757.9581750000001
Strawberry 351.36 459.0 702.08 764.359695
Strawberry 361.6 448.757415 482.56 599.8365
Strawberry 362.24 117.790875 697.6 455.15893500000004
Strawberry 391.04 0.0 528.0 85.78251
Strawberry 432.64 594.71559 531.84 725.309505
Strawberry 455.04 501.25095 544.64 613.28061
Strawberry 484.48 0.0 560.64 42.250949999999996
Strawberry 493.44 460.28060999999997 580.48 542.222055
Strawberry 523.52 542.222055 593.28 651.6904949999999
Strawberry 531.84 3.2007600000000003 652.8 96.6654
Strawberry 533.12 652.971105 611.84 730.43118
Strawberry 558.08 468.60228000000006 670.08 551.1840300000001
Strawberry 566.4 0.0 708.48 70.41825
Strawberry 570.88 656.811405 702.72 763.7193900000001
Strawberry 576.64 552.46464 664.32 654.25095
Strawberry 705.92 465.40152 1023.36 764.359695
Strawberry 723.2 121.63194 1023.36 442.99620000000004
Strawberry 744.32 0.0 830.72 92.82433500000002
Strawberry 814.08 161.32243499999998 933.12 270.15057
Strawberry 824.32 0.0 982.4 100.50646499999999
Strawberry 886.4 0.0 1019.52 112.66919999999999
