Strawberry 157.28128 182.37951999999999 261.019648 343.006208
Strawberry 224.208896 399.895552 337.98656 488.574976
Strawberry 287.791104 33.46432 419.974144 167.320576
Strawberry 321.255424 222.53567999999999 463.476736 371.45088
Strawberry 391.529472 764.653568 588.966912 918.588416
Strawberry 403.241984 849.9865599999999 652.54912 998.90176
Strawberry 413.28128 346.35264 485.22854400000006 463.476736
Strawberry 421.64735999999994 163.974144 562.19648 281.09824
Strawberry 435.03308799999996 31.791103999999997 543.791104 120.470528
Strawberry 517.0196480000001 324.60083199999997 696.052736 448.418816
Strawberry 528.7321599999999 120.470528 645.8562559999999 200.783872
Strawberry 565.542912 48.523264000000005 707.764224 160.627712
Strawberry 610.71872 736.208896 766.326784 910.2223359999999
Strawberry 645.8562559999999 199.110656 799.791104 337.98656
Strawberry 696.052736 66.927616 779.7125120000001 165.64736000000002
Strawberry 732.8624639999999 369.777664 880.104448 500.287488
Strawberry 744.574976 93.699072 818.19648 162.300928
Strawberry 804.810752 269.385728 908.5491199999999 349.699072
