Strawberry 0.0 332.602932 204.16 570.359338
Strawberry 0.0 0.0 1023.36 570.359338
Strawberry 21.76 257.622638 282.88 469.10447899999997
Strawberry 79.36 476.153474 387.84 570.359338
Strawberry 136.96 19.866232000000004 442.88 264.672204
Strawberry 181.76 147.396227 389.12 423.60377300000005
Strawberry 186.88 0.0 403.84 55.754152999999995
Strawberry 344.96 128.811319 649.6 556.260206
Strawberry 385.28 0.0 680.32 210.199946
Strawberry 521.6 515.245847 710.4 570.359338
Strawberry 605.44 82.02928899999999 727.68 240.96085799999997
Strawberry 613.76 314.01802399999997 867.84 570.359338
Strawberry 634.24 1.922557 986.24 424.885668
Strawberry 820.48 381.30751900000007 1023.36 570.359338
