Strawberry 0.0 331.200512 140.8 561.599488
Strawberry 0.0 52.799488000000004 208.0 391.999488
Strawberry 0.0 704.0 368.0 1022.4005119999999
Strawberry 0.0 359.999488 403.2 747.200512
Strawberry 38.4 0.0 318.39948799999996 180.800512
Strawberry 182.4 198.4 292.799488 376.000512
Strawberry 244.800512 75.199488 545.599488 467.2
Strawberry 263.999488 0.0 630.4 180.800512
Strawberry 280.000512 632.000512 566.4 1022.4005119999999
Strawberry 408.000512 320.0 888.000512 684.8
Strawberry 499.2 692.799488 817.599488 1022.4005119999999
Strawberry 545.599488 14.399488 859.2005119999999 358.4
Strawberry 718.400512 582.4 1022.4005119999999 971.2005119999999
Strawberry 761.6 24.000512 1001.6 430.39948799999996
Strawberry 806.4 209.600512 1022.4005119999999 600.000512
