Cabbage 0.0 186.879744 263.68 428.799744
Cabbage 1.28 176.64000000000001 348.16 430.08000000000004
Cabbage 89.6 229.11974400000003 569.6 752.64
Cabbage 90.88 236.79974399999998 568.32 747.519744
Cabbage 249.6 7.68 339.2 93.440256
Cabbage 259.84 10.239744000000002 336.64 84.48
Cabbage 294.4 32.000256 385.28 103.68
Cabbage 295.68 34.56 382.72 102.39974399999998
Cabbage 376.32 11.52 480.0 98.559744
Cabbage 376.32 11.52 483.84 94.71974399999999
Cabbage 476.16 112.64025600000002 820.48 522.24
Cabbage 478.72 113.919744 817.92 520.959744
