Strawberry 182.4 395.58503600000006 383.36 521.68546
Strawberry 216.96 295.728243 362.24 425.67007199999995
Strawberry 263.04 163.22645200000002 395.52 300.209273
Strawberry 324.48 263.083245 429.44 384.06301399999995
Strawberry 348.16 105.617073 435.84 214.43519499999996
Strawberry 353.28 362.93930700000004 448.0 439.1117
Strawberry 375.68 450.633722 485.76 575.454165
Strawberry 376.96 400.705691 496.0 511.44415
Strawberry 387.2 222.75689899999998 523.52 314.29125700000003
Strawberry 394.24 134.42212800000001 504.32 240.67955699999996
Strawberry 413.44 257.96259 567.04 385.342995
Strawberry 424.32 41.607057999999995 558.08 213.155214
Strawberry 453.12 360.37934499999994 519.68 454.47439599999996
Strawberry 467.2 437.83171899999996 545.92 495.44109799999995
Strawberry 492.16 158.105797 599.68 268.2039
Strawberry 493.44 266.923919 604.16 362.93930700000004
Strawberry 529.28 444.23308600000007 652.16 550.490515
Strawberry 561.92 200.35321100000002 666.88 320.69262399999997
Strawberry 579.2 304.049947 718.08 420.5486860000001
Strawberry 583.68 124.180087 698.24 216.995888
Strawberry 630.4 406.46670200000005 778.24 529.366808
Strawberry 640.64 195.23182500000001 754.56 280.36627799999997
Strawberry 660.48 249.00053000000003 778.24 361.659326
Strawberry 699.52 310.45131399999997 816.64 440.3924120000001
