Strawberry 881.5994880000001 592.0 995.2 668.8
Strawberry 304.0 814.400512 406.4 892.8
Strawberry 313.6 756.799488 404.799488 824.000512
Strawberry 334.39948799999996 696.000512 427.200512 763.200512
Strawberry 344.000512 651.200512 438.4 708.799488
Strawberry 406.4 806.4 500.799488 880.0
Strawberry 412.8 721.599488 510.39948799999996 785.599488
Strawberry 425.6 166.4 487.999488 241.600512
Strawberry 425.6 647.999488 513.599488 720.0
Strawberry 433.60051200000004 608.0 528.0 664.000512
Strawberry 462.39948799999996 356.799488 632.000512 505.6
Strawberry 521.6 723.2 615.999488 796.8
Strawberry 524.8 798.400512 619.200512 880.0
Strawberry 524.8 640.0 633.6 720.0
Strawberry 638.400512 254.399488 700.8 316.8
Strawberry 665.6 292.799488 715.200512 337.60051200000004
Strawberry 665.6 337.60051200000004 832.0 531.2
Strawberry 715.200512 254.399488 752.0 302.39948799999996
Strawberry 715.200512 281.6 766.400512 327.999488
Strawberry 761.6 278.4 811.200512 313.6
Strawberry 769.599488 263.999488 801.599488 286.39948799999996
Strawberry 775.999488 582.4 832.0 635.200512
Strawberry 803.2 572.8 876.8 647.999488
Strawberry 819.2 465.60051200000004 918.4 537.6
Strawberry 827.200512 523.200512 928.0 568.000512
Strawberry 843.2005119999999 544.0 929.5994880000001 600.000512
