Strawberry 0.0 376.32 46.719744000000006 430.08
Strawberry 0.0 421.76 69.75974400000001 547.84
Strawberry 0.0 208.0 164.480256 332.16
Strawberry 12.159744 302.72 200.960256 409.6
Strawberry 36.480000000000004 560.0 176.64000000000001 708.48
Strawberry 69.75974400000001 442.88 227.199744 568.32
Strawberry 115.19999999999999 629.76 277.760256 766.08
Strawberry 144.639744 181.76 284.799744 307.84
Strawberry 197.12025600000004 75.52 329.600256 186.88
Strawberry 211.20000000000002 402.56 389.76 581.12
Strawberry 215.04000000000002 339.2 374.4 451.2
Strawberry 263.679744 615.68 379.520256 766.08
Strawberry 291.84000000000003 224.0 396.800256 298.88
Strawberry 295.68 524.8 449.28 629.76
Strawberry 303.99974399999996 264.32 442.23974400000003 381.44
Strawberry 316.160256 164.48 463.359744 248.32
Strawberry 321.920256 699.52 528.0 856.96
Strawberry 346.239744 64.64 459.519744 161.28
Strawberry 361.599744 371.2 522.8797440000001 531.84
Strawberry 377.600256 545.92 599.679744 764.8
Strawberry 458.24025600000004 343.04 613.760256 462.08
Strawberry 459.519744 269.44 634.880256 384.64
Strawberry 466.56000000000006 101.76 520.959744 164.48
Strawberry 480.63974399999995 150.4 613.760256 208.0
Strawberry 489.59999999999997 206.72 634.880256 283.52
Strawberry 515.840256 42.24 618.8797440000001 136.32
Strawberry 515.840256 433.92 697.599744 581.12
Strawberry 592.640256 234.24 732.800256 323.84
Strawberry 594.560256 92.8 678.399744 152.32
Strawberry 620.7997439999999 300.8 757.119744 400.64
Strawberry 650.240256 367.36 767.360256 514.56
Strawberry 663.039744 148.48 767.360256 267.52
Strawberry 666.24 679.04 767.360256 808.32
Strawberry 697.599744 577.28 767.360256 687.36
