Strawberry 3.2 348.268266 243.2 695.8956599999999
Strawberry 12.16 31.369446000000003 206.72 382.83897599999995
Strawberry 37.76 0.0 377.6 329.702328
Strawberry 153.6 462.86361 453.12 743.91075
Strawberry 193.28 309.856194 397.44 561.4541820000001
Strawberry 312.96 64.01986199999999 653.44 446.2187400000001
Strawberry 409.6 341.865738 682.24 612.029664
Strawberry 419.84 472.466628 693.12 747.112014
Strawberry 632.96 0.0 1000.96 312.416586
Strawberry 648.96 327.141162 1004.8 764.3969820000001
Strawberry 846.08 323.30057400000004 1019.52 532.00503
Strawberry 880.0 101.79183600000002 1006.08 330.982524
