Cucumber 304.64 150.409065 391.04 209.29241100000002
Cucumber 337.28 190.09093499999997 437.12 261.775038
Cucumber 396.16 250.254561 499.84 325.139364
Cucumber 409.6 138.88790699999998 506.24 201.61209300000002
Cucumber 462.08 307.858308 595.84 411.54396299999996
Cucumber 482.56 200.331813 579.84 256.65528
Cucumber 551.04 251.534841 659.84 315.53862599999997
Cucumber 558.08 429.465159 696.96 524.190897
Cucumber 623.36 307.218168 757.76 411.54396299999996
Cucumber 725.76 417.30454199999997 872.96 517.150719
