Cucumber 94.206873 416.768 207.869684 547.84
Cucumber 125.95066399999999 654.336 312.31609299999997 768.0
Cucumber 142.334468 392.192 186.366112 434.176
Cucumber 143.35828499999997 421.888 254.972779 575.488
Cucumber 154.62232099999997 726.016 294.908472 818.176
Cucumber 157.69445499999998 823.296 280.57298499999996 922.624
Cucumber 161.79040600000002 370.688 261.117047 493.568
Cucumber 273.4049 349.184 410.61891699999995 460.8
Cucumber 312.31609299999997 325.632 437.24294 542.72
Cucumber 316.41204400000004 368.64 397.307247 532.48
Cucumber 340.98775 267.264 425.978904 445.44
Cucumber 383.99557699999997 644.096 472.05818200000004 702.464
Cucumber 423.93127 687.104 590.840761 775.168
Cucumber 464.89078 653.312 669.68833 800.768
Cucumber 502.778156 633.856 681.976183 723.968
