Strawberry 211.20000000000002 494.22259199999996 536.177664 753.7774079999999
Strawberry 0.711168 330.667008 120.17740799999999 521.9558400000001
Strawberry 0.711168 195.55584000000002 275.199744 337.77792
Strawberry 56.17766400000001 422.40000000000003 339.911424 676.2670079999999
Strawberry 83.910912 300.089088 310.75584000000003 462.22233600000004
Strawberry 180.62207999999998 40.533504 365.511168 137.244672
Strawberry 239.644416 167.82259200000001 413.155584 305.777664
Strawberry 334.933248 22.75584 499.20000000000005 123.73324799999997
Strawberry 353.42208 249.60000000000002 512.711424 350.577408
Strawberry 425.244672 399.64416 588.089088 608.000256
Strawberry 480.711168 138.667008 638.5774079999999 270.933504
Strawberry 571.0225919999999 255.288576 759.4667519999999 359.822592
Strawberry 598.044672 283.022592 767.288832 547.555584
