Potato 0.0 245.76 433.92 592.640256
Potato 3.84 442.88025600000003 524.8 695.04
Potato 142.08 156.159744 366.08 243.20025600000002
Potato 288.0 92.16 453.12 154.880256
Potato 311.04 159.999744 533.76 238.07999999999998
Potato 387.84 446.72025600000006 934.4 766.719744
Potato 439.04 70.400256 615.68 140.799744
Potato 514.56 148.479744 730.88 236.79974399999998
Potato 604.16 58.880256 764.16 126.72
Potato 648.96 239.36025600000002 962.56 421.11974399999997
Potato 733.44 133.119744 951.04 220.160256
Potato 780.8 622.08 824.32 688.640256
Potato 785.92 35.840256 956.16 115.19999999999999
