Strawberry 0.0 24.000512 75.199488 337.60051200000004
Strawberry 0.0 337.60051200000004 105.6 596.799488
Strawberry 0.0 529.599488 116.80051200000001 820.799488
Strawberry 0.0 0.0 147.2 177.600512
Strawberry 0.0 787.2 305.60051200000004 1022.4005119999999
Strawberry 30.399488 172.8 244.800512 422.4
Strawberry 59.200511999999996 0.0 227.2 48.0
Strawberry 76.8 580.799488 220.8 816.0
Strawberry 147.2 0.0 388.799488 217.6
Strawberry 244.800512 358.4 568.000512 649.6
Strawberry 448.0 332.8 547.2 492.8
Strawberry 500.799488 148.800512 774.4 388.799488
Strawberry 508.8 564.799488 646.4 769.599488
Strawberry 545.599488 260.799488 972.8 612.799488
Strawberry 548.799488 0.0 734.400512 166.4
Strawberry 615.999488 580.799488 1022.4005119999999 1022.4005119999999
Strawberry 657.599488 0.0 1022.4005119999999 201.6
Strawberry 747.200512 115.2 1001.6 283.200512
Strawberry 807.999488 340.799488 1016.000512 625.599488
Strawberry 811.200512 601.6 961.5994880000001 728.000512
Strawberry 903.999488 553.6 1022.4005119999999 743.999488
Strawberry 952.000512 291.2 1022.4005119999999 448.0
