Strawberry 0.0 183.788088 164.48 388.70794599999994
Strawberry 0.0 375.26027000000005 216.96 676.236418
Strawberry 0.64 0.0 243.2 220.28941000000003
Strawberry 113.28 578.899332 370.56 681.3596020000001
Strawberry 118.4 340.039744 318.08 573.7768299999999
Strawberry 176.64 138.961592 429.44 413.68278599999996
Strawberry 219.52 0.0 378.24 69.160256
Strawberry 275.84 420.086084 585.6 661.5079460000001
Strawberry 370.56 617.962246 580.48 681.3596020000001
Strawberry 394.88 3.2019900000000003 625.92 85.170206
Strawberry 428.16 279.20398 660.48 480.28145
Strawberry 428.16 36.501322 721.92 288.809268
Strawberry 564.48 438.017228 795.52 636.533106
Strawberry 590.72 591.7072919999999 848.0 681.3596020000001
Strawberry 629.12 0.0 901.76 103.741066
Strawberry 698.88 266.39602 955.52 532.792722
Strawberry 778.88 0.0 1023.36 267.67681600000003
Strawberry 831.36 456.58808799999997 1023.36 681.3596020000001
Strawberry 915.2 204.91985799999998 1023.36 476.439744
