Strawberry 0.0 659.263749 19.2 684.866178
Strawberry 0.0 59.739459000000004 34.132992 179.21769
Strawberry 0.0 416.04033 57.6 567.5217690000001
Strawberry 0.0 192.018561 106.66700800000001 424.574244
Strawberry 0.0 0.0 1021.867008 684.866178
Strawberry 25.6 6.400779 251.732992 140.813703
Strawberry 57.6 618.7266269999999 294.4 684.866178
Strawberry 61.867008 377.636343 315.73299199999997 586.723419
Strawberry 66.132992 185.61778200000003 236.8 388.304079
Strawberry 196.267008 85.341888 339.2 264.55889099999996
Strawberry 236.8 228.288726 439.467008 381.903987
Strawberry 273.067008 0.0 537.6 119.47823100000001
Strawberry 285.867008 53.338680000000004 584.532992 302.96287799999993
Strawberry 307.2 349.900779 563.2 610.192713
Strawberry 315.73299199999997 586.723419 533.332992 684.866178
Strawberry 467.2 192.018561 723.2 403.23945899999995
Strawberry 535.467008 0.0 827.732992 119.47823100000001
Strawberry 554.667008 554.720211 827.732992 684.866178
Strawberry 565.332992 68.27337299999999 808.532992 234.689505
Strawberry 595.2 364.83547200000004 808.532992 537.652383
Strawberry 699.732992 174.950046 953.6 388.304079
Strawberry 823.467008 595.25802 1021.867008 684.866178
Strawberry 832.0 369.10242900000003 1011.2 558.987855
Strawberry 834.132992 0.0 1021.867008 108.810495
Strawberry 876.8 104.543538 1021.867008 320.03139300000004
Strawberry 915.2 313.63061400000004 1021.867008 480.046746
