Strawberry 0.0 493.43999999999994 208.64 732.800256
Strawberry 58.88 202.23974399999997 264.32 395.52
Strawberry 69.76 0.0 257.28 172.160256
Strawberry 165.12 424.959744 350.08 631.040256
Strawberry 280.32 17.28 420.48 128.000256
Strawberry 312.96 121.599744 385.92 257.919744
Strawberry 327.68 208.640256 474.24 327.680256
Strawberry 344.96 528.0 529.92 690.560256
Strawberry 368.64 292.479744 492.8 411.519744
Strawberry 372.48 721.280256 597.76 767.360256
Strawberry 392.32 30.080256 501.12 156.159744
Strawberry 432.0 0.0 561.92 65.91974400000001
Strawberry 435.84 402.56025600000004 526.08 577.92
Strawberry 465.28 209.91974399999998 573.44 336.0
Strawberry 465.28 119.03999999999999 577.92 225.920256
Strawberry 476.8 33.279743999999994 599.04 119.03999999999999
Strawberry 478.72 43.520255999999996 536.32 97.92
Strawberry 510.08 379.520256 604.16 572.7997439999999
Strawberry 527.36 572.7997439999999 634.24 742.400256
Strawberry 535.04 277.760256 732.16 410.24025600000004
Strawberry 588.16 235.52025600000002 683.52 318.71999999999997
Strawberry 601.6 67.19999999999999 714.88 193.280256
Strawberry 608.0 383.36025600000005 837.12 552.96
Strawberry 657.28 654.72 814.08 767.360256
Strawberry 666.24 177.279744 737.92 272.64
Strawberry 703.36 301.44 853.76 421.76025599999997
Strawberry 716.8 178.56 805.12 306.560256
Strawberry 725.76 0.0 811.52 60.800256000000005
Strawberry 741.76 54.399744000000005 849.92 248.319744
Strawberry 750.72 240.63974399999998 944.0 379.520256
Strawberry 773.12 484.479744 929.28 636.159744
Strawberry 790.4 55.67999999999999 851.2 108.15974399999999
Strawberry 844.8 136.32 962.56 227.199744
Strawberry 872.32 481.91999999999996 967.68 588.800256
Strawberry 884.48 634.880256 1023.36 767.360256
Strawberry 916.48 254.079744 987.52 373.119744
Strawberry 952.96 410.24025600000004 1023.36 505.599744
Strawberry 954.88 156.159744 1022.08 245.76
Strawberry 961.28 481.91999999999996 1023.36 633.5999999999999
Strawberry 963.84 316.160256 1023.36 416.64
