Strawberry 0.0 202.23974399999997 37.12 244.47974399999998
Strawberry 0.0 439.040256 151.68 583.040256
Strawberry 11.52 437.76 39.04 462.72
Strawberry 19.2 371.199744 48.64 410.88
Strawberry 30.08 439.040256 74.88 471.03974400000004
Strawberry 31.36 403.20000000000005 65.92 436.479744
Strawberry 99.2 162.56025599999998 260.48 277.760256
Strawberry 117.76 18.560256 336.0 92.16
Strawberry 130.56 395.52 163.84 435.200256
Strawberry 190.72 109.44 314.88 211.20000000000002
Strawberry 213.76 452.480256 254.72 488.96025599999996
Strawberry 243.2 401.91974400000004 257.28 425.60025599999994
Strawberry 256.0 424.32 307.84 455.04
Strawberry 258.56 403.20000000000005 284.16 415.359744
Strawberry 274.56 446.72025600000006 316.8 486.39974400000006
Strawberry 282.88 163.839744 427.52 272.00025600000004
Strawberry 325.12 394.23974400000003 403.2 458.88
Strawberry 349.44 19.839744 444.8 52.479744000000004
Strawberry 408.32 424.32 433.28 441.59999999999997
Strawberry 409.6 458.88 438.4 477.440256
Strawberry 430.72 351.36 445.44 382.08
Strawberry 438.4 437.76 467.84 462.72
Strawberry 440.32 457.599744 461.44 478.719744
Strawberry 447.36 165.12 592.64 270.71999999999997
Strawberry 476.8 408.320256 494.08 428.15999999999997
Strawberry 496.64 419.199744 513.92 436.479744
Strawberry 496.64 426.879744 526.08 451.20000000000005
Strawberry 522.24 412.79999999999995 539.52 440.319744
Strawberry 523.52 426.879744 552.32 452.480256
Strawberry 533.76 531.84 574.72 568.3199999999999
Strawberry 570.88 540.800256 615.68 584.319744
Strawberry 594.56 514.5600000000001 635.52 552.96
Strawberry 610.56 545.919744 656.64 595.2
Strawberry 618.88 700.8 646.4 720.639744
Strawberry 645.12 696.96 671.36 715.520256
Strawberry 666.88 90.87974399999999 688.0 121.599744
Strawberry 678.4 105.60000000000001 706.56 137.600256
Strawberry 690.56 80.00025600000001 709.12 97.28025600000001
Strawberry 695.04 296.319744 723.2 317.439744
Strawberry 695.68 126.72 722.56 149.120256
Strawberry 706.56 92.16 723.84 121.599744
Strawberry 707.84 89.600256 719.36 100.47974400000001
Strawberry 711.04 605.439744 745.6 641.28
Strawberry 721.92 300.159744 752.0 323.840256
Strawberry 743.04 616.3199999999999 780.16 645.12
Strawberry 756.48 145.280256 783.36 168.96
Strawberry 763.52 166.400256 793.6 192.63974399999998
Strawberry 771.2 179.840256 807.04 211.20000000000002
Strawberry 773.76 109.44 807.04 144.0
Strawberry 794.88 142.719744 830.72 176.000256
Strawberry 808.32 174.08025600000002 838.4 212.480256
Strawberry 838.4 129.279744 858.24 159.999744
Strawberry 844.16 144.0 878.08 171.519744
Strawberry 871.68 104.31974399999999 896.64 136.32
Strawberry 875.52 181.119744 907.52 209.91974399999998
Strawberry 876.8 109.44 907.52 145.280256
Strawberry 896.64 131.840256 935.04 172.8
Strawberry 897.92 124.160256 927.36 152.96025600000002
Strawberry 901.12 83.199744 932.48 120.320256
Strawberry 908.8 176.000256 944.64 218.240256
Strawberry 917.76 316.160256 1023.36 364.79999999999995
Strawberry 936.32 149.120256 953.6 182.39999999999998
Strawberry 954.88 151.68 980.48 176.000256
Strawberry 956.16 158.720256 990.72 197.12025600000004
Strawberry 968.32 126.72 1004.16 162.56025599999998
Strawberry 983.04 158.720256 1006.72 193.92000000000002
Strawberry 990.72 101.76 1015.68 134.39999999999998
Strawberry 1004.16 101.76 1023.36 133.119744
Strawberry 1008.0 136.32 1023.36 172.8
