Strawberry 52.48 27.537325 158.08 90.296461
Strawberry 0.0 74.926912 35.84 119.11414899999998
Strawberry 479.36 451.48172800000003 567.68 507.83674099999996
Strawberry 480.64 153.69606700000003 589.44 197.88330399999998
Strawberry 531.84 486.703539 622.72 536.6550060000001
Strawberry 602.88 175.469739 685.44 210.05108
Strawberry 672.64 70.444199 769.28 126.158742
Strawberry 679.04 35.221810999999995 769.28 86.454218
Strawberry 716.8 0.0 814.08 32.660508
Strawberry 899.2 392.564835 990.08 438.03301200000004
Strawberry 970.24 393.845775 1023.36 445.077605
