Strawberry 332.16 494.079744 471.68 652.160256
Strawberry 90.88 334.08 154.24 481.91999999999996
Strawberry 141.44 375.03974400000004 301.44 528.0
Strawberry 147.84 268.79999999999995 203.52 366.71999999999997
Strawberry 150.4 216.320256 248.32 280.959744
Strawberry 179.84 296.96025599999996 249.6 382.719744
Strawberry 199.68 88.959744 332.8 215.04000000000002
Strawberry 410.88 581.1202559999999 600.32 759.680256
Strawberry 560.64 63.99974400000001 670.08 158.079744
Strawberry 600.32 627.2002560000001 792.32 743.679744
Strawberry 721.92 399.99974399999996 778.88 606.080256
Strawberry 756.48 370.56 951.04 506.88
