Strawberry 252.16 345.6 263.04 354.560256
Strawberry 258.56 204.800256 314.24 220.79999999999998
Strawberry 261.76 275.840256 269.44 291.84000000000003
Strawberry 268.16 277.119744 277.12 291.84000000000003
Strawberry 273.28 344.319744 278.4 350.720256
Strawberry 275.84 278.4 282.88 290.55974399999997
Strawberry 281.6 275.840256 290.56 290.55974399999997
Strawberry 284.16 355.839744 290.56 365.439744
Strawberry 295.68 353.28000000000003 301.44 364.160256
Strawberry 296.96 364.160256 362.24 380.799744
Strawberry 300.16 348.159744 309.12 354.560256
Strawberry 320.0 191.360256 405.76 220.79999999999998
Strawberry 335.36 293.12025600000004 343.68 303.99974399999996
Strawberry 348.8 290.55974399999997 413.44 310.400256
Strawberry 369.92 395.52 377.6 405.12
Strawberry 391.04 409.599744 456.96 428.15999999999997
Strawberry 397.44 207.36 405.76 222.08025600000002
Strawberry 400.64 211.20000000000002 416.0 217.599744
Strawberry 416.0 204.800256 424.32 217.599744
Strawberry 416.0 391.040256 450.56 407.04
Strawberry 425.6 211.20000000000002 435.84 217.599744
Strawberry 437.12 190.07999999999998 506.24 217.599744
Strawberry 440.32 298.239744 520.96 335.36025600000005
Strawberry 488.32 449.28 498.56 464.00025600000004
Strawberry 492.16 455.04 506.88 474.879744
Strawberry 508.8 184.959744 559.36 209.91974399999998
Strawberry 517.12 433.91999999999996 524.16 447.99974399999996
Strawberry 518.4 440.319744 533.12 455.04
Strawberry 520.96 457.599744 535.68 477.440256
Strawberry 542.72 442.88025600000003 556.8 457.599744
Strawberry 545.28 435.200256 559.36 446.72025600000006
Strawberry 552.32 333.44025600000003 663.68 364.160256
Strawberry 558.08 199.68 567.04 218.240256
Strawberry 558.08 457.599744 575.36 474.879744
Strawberry 565.76 193.280256 581.76 209.91974399999998
Strawberry 565.76 198.399744 583.04 222.08025600000002
Strawberry 566.4 444.159744 576.64 456.320256
Strawberry 575.36 451.839744 588.8 465.27974399999994
Strawberry 584.32 188.799744 594.56 203.52
Strawberry 584.32 198.399744 597.76 216.95999999999998
Strawberry 599.04 202.23974399999997 617.6 220.79999999999998
Strawberry 614.4 197.12025600000004 632.96 218.240256
Strawberry 617.6 193.280256 632.96 200.960256
Strawberry 627.84 339.200256 743.04 380.15999999999997
Strawberry 635.52 176.000256 744.32 214.400256
Strawberry 648.96 507.519744 661.12 520.959744
Strawberry 654.08 515.199744 680.96 524.7997439999999
Strawberry 658.56 483.84000000000003 672.64 501.12
Strawberry 675.2 499.20000000000005 684.8 510.72
Strawberry 679.68 482.559744 695.04 495.36
Strawberry 696.96 500.480256 708.48 505.599744
Strawberry 711.04 513.920256 727.04 522.8797440000001
Strawberry 753.28 553.599744 776.32 572.16
Strawberry 757.76 561.920256 778.88 588.159744
Strawberry 762.88 195.20025600000002 784.0 216.320256
Strawberry 780.16 351.99974399999996 888.32 389.120256
Strawberry 781.44 181.119744 807.68 199.040256
Strawberry 782.72 196.47974399999998 807.68 215.04000000000002
Strawberry 787.84 551.04 810.24 572.16
Strawberry 791.68 538.239744 807.68 559.359744
Strawberry 801.28 168.96 817.28 183.680256
Strawberry 802.56 574.719744 823.68 602.88
Strawberry 803.84 181.119744 824.96 206.079744
Strawberry 807.04 200.960256 819.2 215.04000000000002
Strawberry 810.24 167.679744 830.08 190.07999999999998
Strawberry 816.0 552.320256 833.92 572.16
Strawberry 822.4 539.52 842.24 559.359744
Strawberry 823.68 186.24 844.8 196.47974399999998
Strawberry 824.96 196.47974399999998 843.52 215.04000000000002
Strawberry 828.8 166.400256 842.24 177.920256
Strawberry 833.92 172.8 855.68 192.63974399999998
Strawberry 837.12 580.479744 859.52 601.599744
Strawberry 842.24 195.20025600000002 852.48 202.23974399999997
Strawberry 844.8 193.92000000000002 867.2 217.599744
Strawberry 847.36 181.119744 868.48 196.47974399999998
Strawberry 848.64 168.96 869.76 186.24
Strawberry 849.92 543.36 867.2 560.64
Strawberry 868.48 170.240256 876.8 186.24
Strawberry 868.48 193.92000000000002 888.32 216.320256
Strawberry 869.76 182.39999999999998 881.92 197.76
Strawberry 872.32 563.199744 889.6 586.880256
Strawberry 881.92 183.680256 893.44 195.20025600000002
Strawberry 881.92 195.20025600000002 900.48 215.04000000000002
Strawberry 896.64 195.20025600000002 908.16 213.759744
