Strawberry 187.199488 441.47071 268.8 539.042041
Strawberry 0.0 0.0 86.4 75.17781
Strawberry 103.999488 0.0 244.800512 62.381805
Strawberry 246.4 225.53411300000002 435.2 353.496212
Strawberry 288.0 319.906272 512.0 452.667129
Strawberry 411.200512 19.194349 518.4 147.157131
Strawberry 432.0 28.791864999999998 606.400512 127.96278199999999
Strawberry 476.8 0.0 553.6 30.390768
Strawberry 504.000512 388.686421 595.2 516.64852
Strawberry 608.0 0.0 708.799488 127.96278199999999
Strawberry 625.599488 179.147485 775.999488 342.299793
Strawberry 640.0 487.85733799999997 857.6 636.613372
Strawberry 731.200512 590.227427 910.4005119999999 681.4004140000001
Strawberry 878.4005119999999 0.0 955.2005119999999 38.388698
Strawberry 916.7994880000001 190.344587 1022.4005119999999 348.69813700000003
Strawberry 939.2005119999999 452.667129 1022.4005119999999 583.829083
