Strawberry 462.72 511.73187299999995 639.36 644.142192
Strawberry 0.0 203.413143 71.68 312.156312
Strawberry 0.0 473.991528 71.68 591.689742
Strawberry 0.0 331.34628299999997 75.52 491.26270800000003
Strawberry 0.0 59.488704 83.2 152.239887
Strawberry 0.0 138.167379 128.0 227.08098
Strawberry 1.92 0.0 99.2 117.05861700000001
Strawberry 33.28 0.0 146.56 71.002824
Strawberry 71.68 62.047779 183.04 170.79026100000002
Strawberry 95.36 203.413143 282.88 331.98587999999995
Strawberry 125.44 51.812853 306.56 219.40512900000002
Strawberry 163.2 25.586628 246.4 72.28201800000001
Strawberry 164.48 369.08662799999996 316.8 521.966799
Strawberry 186.88 491.90230499999996 328.96 594.2488169999999
Strawberry 188.16 0.0 251.52 28.145016
Strawberry 235.52 0.0 316.8 83.156541
Strawberry 246.4 255.865593 366.72 413.22362999999996
Strawberry 273.92 509.173485 472.96 647.980461
Strawberry 282.88 89.553198 327.68 142.005648
Strawberry 294.4 0.0 377.6 73.561212
Strawberry 316.8 160.55602199999998 497.92 378.04167299999995
Strawberry 325.12 13.432911 504.32 177.186918
Strawberry 457.6 270.578385 641.28 458.000229
Strawberry 485.12 95.94985500000001 700.16 285.930087
Strawberry 515.2 0.0 563.84 42.218211000000004
Strawberry 516.48 33.262479 634.24 108.103572
Strawberry 566.4 8.315448 667.52 88.27400399999999
Strawberry 596.48 346.69798499999996 766.72 507.89360400000004
Strawberry 634.24 166.95267900000002 823.68 371.645016
Strawberry 655.36 59.488704 797.44 172.07014199999998
Strawberry 667.52 0.0 710.4 40.93833
Strawberry 681.6 0.0 747.52 58.20951
Strawberry 686.72 455.44115400000004 871.68 633.907953
Strawberry 750.08 12.153716999999999 841.6 84.435735
Strawberry 752.64 138.167379 944.0 303.201267
Strawberry 757.76 333.265074 894.08 458.000229
Strawberry 762.88 0.0 839.04 17.27118
Strawberry 772.48 64.606167 883.84 136.888185
Strawberry 839.04 0.0 919.04 62.047779
Strawberry 853.76 388.27659900000003 921.6 505.335216
Strawberry 882.56 90.832392 920.32 145.84323
Strawberry 895.36 88.27400399999999 1017.6 207.251412
Strawberry 899.2 25.586628 1015.04 102.346512
Strawberry 933.76 0.0 1023.36 28.145016
Strawberry 946.56 378.04167299999995 1023.36 484.226454
Strawberry 999.04 460.55861699999997 1023.36 560.346054
Strawberry 1000.32 410.664555 1023.36 490.62311099999994
Strawberry 1015.04 179.745993 1023.36 246.910548
