Strawberry 10.239744000000002 454.4 118.400256 561.28
Strawberry 0.0 753.92 92.16 930.56
Strawberry 0.0 101.76 124.160256 224.64
Strawberry 90.87974399999999 735.36 204.800256 924.16
Strawberry 124.160256 402.56 241.92000000000002 540.8
Strawberry 128.000256 103.68 255.36 220.8
Strawberry 204.800256 778.88 366.080256 945.28
Strawberry 240.0 382.08 369.279744 570.88
Strawberry 259.20000000000005 84.48 379.520256 220.8
Strawberry 360.320256 750.72 484.479744 940.16
Strawberry 371.199744 87.68 493.43999999999994 210.56
Strawberry 379.520256 396.16 500.480256 561.92
Strawberry 478.08000000000004 98.56 631.6800000000001 231.68
Strawberry 483.200256 756.48 648.96 960.64
Strawberry 521.600256 392.32 652.8 563.84
Strawberry 638.7202560000001 105.6 741.759744 224.64
Strawberry 652.8 776.96 767.360256 967.68
Strawberry 659.840256 368.0 767.360256 556.8
