Strawberry 0.0 429.465159 115.84 596.51514
Strawberry 0.0 234.253785 179.84 349.460598
Strawberry 4.48 108.166635 238.08 216.97272900000002
Strawberry 44.8 298.25757 195.84 486.428766
Strawberry 74.88 616.3560749999999 231.04 680.35986
Strawberry 160.64 475.547748 309.76 627.8765520000001
Strawberry 193.28 309.13790700000004 354.56 483.22806599999996
Strawberry 304.0 90.88557899999999 453.12 204.17197199999998
Strawberry 307.2 312.978066 421.76 425.625
Strawberry 343.04 446.746215 545.92 618.916635
Strawberry 424.32 401.943906 605.44 522.910617
Strawberry 465.92 190.731075 588.16 296.97729
Strawberry 468.48 567.7136069999999 605.44 680.35986
Strawberry 472.96 273.296196 594.56 406.423524
Strawberry 485.76 513.950019 648.32 638.1174299999999
Strawberry 552.96 240.653823 659.2 353.940897
Strawberry 555.52 395.54318700000005 685.44 515.230299
Strawberry 613.12 565.153047 693.12 680.35986
Strawberry 636.8 320.659065 769.28 432.66517799999997
Strawberry 688.0 577.953804 824.32 680.35986
