Strawberry 553.8304 205.80352 793.09824 453.43744000000004
Strawberry 31.791103999999997 441.72595199999995 282.771456 739.555328
Strawberry 61.908992000000005 230.90176 327.947264 455.11065599999995
Strawberry 88.679424 667.608064 351.37228799999997 957.0723839999999
Strawberry 162.300928 28.444671999999997 406.588416 274.405376
Strawberry 244.287488 376.470528 448.418816 619.0848
Strawberry 296.157184 563.869696 562.19648 863.372288
Strawberry 331.293696 200.783872 553.8304 416.62771200000003
Strawberry 409.934848 818.19648 667.608064 995.5553279999999
Strawberry 453.43744000000004 404.9152 696.052736 637.490176
Strawberry 505.307136 115.45088 634.1437440000001 294.483968
Strawberry 570.56256 530.4053759999999 901.856256 759.63392
Strawberry 665.934848 741.228544 955.3991679999999 1002.248192
Strawberry 729.516032 143.895552 940.340224 354.71872
Strawberry 754.614272 391.529472 915.241984 535.425024
Strawberry 799.791104 545.46432 990.5356800000001 788.078592
Strawberry 918.588416 327.947264 987.189248 500.287488
