Strawberry 132.48 312.96 430.719744 605.44
Strawberry 0.0 179.84 97.28025600000001 372.48
Strawberry 39.680256 0.0 227.199744 50.56
Strawberry 256.640256 85.12 483.84000000000003 291.84
Strawberry 309.12 293.76 608.000256 804.48
Strawberry 396.800256 0.0 554.240256 132.48
Strawberry 430.08000000000004 170.88 620.7997439999999 365.44
Strawberry 587.52 83.84 744.96 242.56
Strawberry 655.359744 720.64 767.360256 1012.48
Strawberry 706.5600000000001 141.44 767.360256 295.04
Strawberry 714.8797440000001 377.6 767.360256 506.88
