Strawberry 466.82316799999995 324.60083199999997 665.934848 540.444672
Strawberry 41.8304 568.889344 123.81696000000001 634.1437440000001
Strawberry 41.8304 642.509824 267.712512 781.385728
Strawberry 100.391936 262.692864 234.248192 361.411584
Strawberry 162.300928 353.045504 307.869696 433.359872
Strawberry 194.09100800000002 353.045504 329.62048 481.882112
Strawberry 301.176832 307.869696 419.974144 525.385728
Strawberry 373.124096 259.346432 455.11065599999995 366.43123199999997
Strawberry 404.9152 423.32057599999996 463.476736 553.8304
Strawberry 404.9152 187.399168 510.326784 262.692864
Strawberry 441.72595199999995 267.712512 555.503616 383.163392
Strawberry 441.72595199999995 826.56256 697.725952 978.823168
Strawberry 530.4053759999999 165.64736000000002 754.614272 339.65977599999997
Strawberry 622.431232 334.640128 774.692864 466.82316799999995
