Strawberry 274.3552 461.70436 326.520832 531.25
Strawberry 399.93958399999997 305.22752 469.494784 380.56812
Strawberry 405.735424 249.20436 461.76563200000004 316.81812
Strawberry 452.10521600000004 349.6594 513.932288 413.4094
Strawberry 455.969792 229.88624 512.0 295.56812
Strawberry 469.494784 282.04564 529.388544 349.6594
Strawberry 512.0 222.1594 573.826048 299.43188
Strawberry 521.660416 340.0 573.826048 409.54564
Strawberry 537.116672 283.97752 610.535424 365.11375999999996
Strawberry 685.8864639999999 481.02248 770.89792 552.5
Strawberry 711.00416 405.68188 813.4041599999999 494.54564
