Strawberry 757.76 44.160000000000004 1015.68 316.79999999999995
Strawberry 0.0 169.599744 241.28 464.64
Strawberry 115.2 579.84 424.96 767.360256
Strawberry 153.6 314.240256 505.6 616.959744
Strawberry 225.28 74.88 410.24 330.24
Strawberry 353.28 7.040255999999999 722.56 463.359744
Strawberry 402.56 508.79999999999995 676.48 767.360256
Strawberry 505.6 328.32 709.12 560.000256
Strawberry 614.4 344.319744 964.48 753.2797439999999
Strawberry 650.88 136.959744 766.08 350.079744
Strawberry 697.6 304.640256 930.56 455.679744
Strawberry 760.96 568.3199999999999 981.76 767.360256
