Strawberry 515.84 314.547039 613.12 428.57832999999994
Strawberry 523.52 228.703125 616.96 338.249918
Strawberry 548.48 404.874754 659.2 538.765666
Strawberry 624.64 188.344037 700.8 303.656414
Strawberry 638.08 279.952838 735.36 397.18754099999995
Strawberry 653.44 381.171875 755.84 490.078125
Strawberry 679.68 469.577961 783.36 588.734293
Strawberry 729.6 237.031578 829.44 331.203248
Strawberry 750.72 327.359293 844.16 442.03112699999997
Strawberry 848.0 290.843463 942.08 392.0625
Strawberry 888.32 370.921793 989.44 481.109129
