Banana 0.0 326.76359199999996 19.84 378.02069300000005
Banana 37.12 335.09277699999996 110.08 524.103465
Banana 43.52 272.943875 80.0 396.60102500000005
Banana 98.56 327.404246 148.48 396.60102500000005
Banana 127.36 338.93738399999995 183.68 516.4149339999999
Banana 150.4 324.200976 210.56 400.44563200000005
Banana 237.44 344.06261600000005 295.04 512.5703269999999
Banana 334.72 324.200976 388.48 522.821474
Banana 418.56 325.482284 464.0 512.5703269999999
Banana 558.72 213.998243 611.2 266.536652
Banana 600.96 230.01595899999998 675.84 511.28901900000005
Banana 641.92 181.32147400000002 1023.36 670.1855539999999
Banana 651.52 233.86056599999998 725.76 504.24114199999997
Banana 675.2 249.23762799999997 689.92 338.29673
Banana 694.4 220.405466 736.64 345.985261
