Strawberry 72.32 262.081685 284.8 434.45302999999996
Strawberry 97.28 429.32649000000004 341.76 573.503235
Strawberry 163.2 285.79022 400.64 442.142155
Strawberry 168.32 123.030795 408.32 321.67463
Strawberry 318.08 92.91408500000001 556.8 251.82860499999998
Strawberry 334.72 474.18165999999997 503.04 638.2227200000001
Strawberry 339.84 208.25506999999996 593.28 421.637365
Strawberry 391.04 375.50056 580.48 551.07565
Strawberry 488.32 222.99353 672.0 370.37402000000003
Strawberry 494.72 429.32649000000004 814.08 684.359525
Strawberry 528.64 37.80652 752.64 158.274045
Strawberry 590.72 144.176745 900.48 362.0437350000001
Strawberry 622.08 244.13948 901.76 504.29837000000003
