Strawberry 152.00051200000001 611.2 305.60051200000004 752.0
Strawberry 280.000512 664.000512 460.8 838.4
Strawberry 334.39948799999996 499.2 448.0 657.599488
Strawberry 372.799488 529.599488 583.999488 707.2
Strawberry 374.4 428.8 449.60051200000004 539.200512
Strawberry 422.4 440.000512 577.599488 558.400512
Strawberry 438.4 652.8 649.6 862.4005119999999
Strawberry 524.8 408.000512 670.400512 609.599488
Strawberry 571.200512 564.799488 720.0 748.8
Strawberry 659.2 720.0 779.200512 839.999488
Strawberry 672.0 145.600512 771.2 251.199488
Strawberry 678.4 583.999488 843.2005119999999 721.599488
Strawberry 758.4 174.399488 812.8 256.0
Strawberry 800.0 195.2 880.0 304.0
Strawberry 902.4 196.800512 1003.2005119999999 294.4
Strawberry 976.0 196.800512 1022.4005119999999 316.8
