Strawberry 159.36 361.087884 340.48 471.20661
Strawberry 209.92 394.379718 363.52 466.72503
Strawberry 234.88 335.478468 377.6 424.470036
Strawberry 281.6 430.87239 389.76 460.32267600000006
Strawberry 285.44 422.549262 430.08 497.456058
Strawberry 318.08 309.86973 421.76 380.934978
Strawberry 379.52 286.821798 562.56 468.645804
Strawberry 424.96 454.56103199999995 561.28 503.21838
Strawberry 439.68 254.81002800000005 600.96 448.15867800000007
Strawberry 547.2 419.34842399999997 668.8 505.779186
Strawberry 579.2 195.90945599999998 774.4 383.495784
Strawberry 600.32 312.430536 810.24 428.951616
Strawberry 649.6 427.030842 825.6 519.8639579999999
Strawberry 703.36 283.620282 810.88 433.433196
Strawberry 799.36 432.1531319999999 879.36 524.345538
Strawberry 805.76 347.00311200000004 858.24 442.396356
Strawberry 850.56 398.22126600000007 1004.16 521.1447000000001
