Strawberry 0.0 577.280256 38.4 628.479744
Strawberry 0.0 543.999744 44.8 578.559744
Strawberry 23.04 710.4000000000001 102.4 767.360256
Strawberry 50.56 576.0 110.08 618.24
Strawberry 55.68 520.3199999999999 116.48 568.959744
Strawberry 99.2 558.72 185.6 602.240256
Strawberry 110.08 690.560256 205.44 767.360256
Strawberry 113.92 537.5999999999999 178.56 567.680256
Strawberry 204.16 670.719744 270.72 759.680256
Strawberry 267.52 638.079744 316.8 730.239744
Strawberry 305.92 624.639744 336.64 690.560256
Strawberry 320.64 609.920256 351.36 677.76
Strawberry 327.04 598.400256 352.64 652.160256
