Strawberry 285.44 314.32384199999996 519.04 451.320436
Strawberry 4.48 341.85109000000006 203.52 492.29148499999997
Strawberry 18.56 206.135286 130.56 324.566417
Strawberry 81.92 475.64720700000004 304.64 723.3931880000001
Strawberry 123.52 152.36083100000002 227.2 272.07275200000004
Strawberry 169.6 274.633583 270.72 369.378338
Strawberry 244.48 99.86641699999998 365.44 186.930177
Strawberry 249.6 231.10170299999996 323.2 291.918256
Strawberry 417.92 645.932357 584.32 748.3596050000001
Strawberry 429.44 143.39829699999999 620.8 248.38637599999998
Strawberry 476.8 259.909741 592.0 348.25279299999994
Strawberry 619.52 207.415327 773.12 355.935286
Strawberry 641.92 149.8 761.6 204.85449599999998
Strawberry 720.64 421.872752 856.96 592.1579019999999
Strawberry 803.2 559.5097410000001 1023.36 748.3596050000001
Strawberry 804.48 105.62847400000001 930.56 149.8
Strawberry 840.32 193.33187999999998 961.92 288.076635
Strawberry 887.04 120.99196200000002 1009.28 207.415327
Strawberry 894.08 284.87615800000003 1010.56 434.67615800000004
Strawberry 947.84 172.206335 1023.36 316.884673
