Strawberry 0.0 391.094969 289.28 700.897614
Strawberry 0.0 425.019456 500.48 858.3600449999999
Strawberry 0.0 1.919865 1023.36 858.3600449999999
Strawberry 5.12 46.086209 229.12 334.12694799999997
Strawberry 31.36 115.215952 366.08 453.183489
Strawberry 134.4 1.919865 494.08 153.62184200000002
Strawberry 180.48 190.746963 528.0 534.474954
Strawberry 298.24 50.566753 595.84 255.39530299999998
Strawberry 369.28 483.907342 1023.36 858.3600449999999
Strawberry 408.96 0.639955 656.64 143.379985
Strawberry 478.08 302.76228100000003 765.44 642.009728
Strawberry 697.6 181.78501599999998 1023.36 537.034774
