Strawberry 445.44 344.96025599999996 501.12 416.64
Strawberry 470.4 297.6 547.2 344.96025599999996
Strawberry 482.56 439.040256 572.16 592.640256
Strawberry 485.12 342.399744 592.0 435.200256
Strawberry 513.92 550.400256 629.12 661.119744
Strawberry 515.2 252.800256 583.04 334.719744
Strawberry 520.96 199.68 608.0 263.04
Strawberry 568.32 495.99974399999996 620.16 565.760256
Strawberry 572.16 256.640256 610.56 325.119744
Strawberry 583.04 375.680256 691.2 460.160256
Strawberry 585.6 289.280256 646.4 370.56
Strawberry 600.96 569.600256 716.8 657.2797439999999
Strawberry 602.88 457.599744 709.76 554.240256
Strawberry 608.0 311.04 686.08 400.640256
Strawberry 611.84 531.84 693.76 583.040256
