Strawberry 304.0 721.599488 446.39948799999996 836.799488
Strawberry 96.0 441.6 220.8 542.400512
Strawberry 100.800512 344.000512 231.99948799999999 467.2
Strawberry 113.599488 534.4 233.6 664.000512
Strawberry 185.6 326.4 254.399488 387.2
Strawberry 196.800512 241.600512 297.6 336.0
Strawberry 209.600512 161.600512 843.2005119999999 758.4
Strawberry 222.399488 670.400512 324.799488 756.799488
Strawberry 283.200512 233.6 350.39948799999996 339.2
Strawberry 329.6 199.99948799999999 446.39948799999996 254.399488
Strawberry 379.200512 166.4 441.6 201.6
Strawberry 444.8 134.4 521.6 192.0
Strawberry 459.200512 740.799488 587.200512 883.2
Strawberry 496.0 135.99948799999999 596.799488 206.399488
Strawberry 577.599488 140.8 644.799488 219.199488
Strawberry 590.400512 787.2 705.599488 870.4
Strawberry 659.2 155.199488 764.8 268.8
Strawberry 696.000512 758.4 819.2 838.4
Strawberry 723.2 214.4 811.200512 327.999488
Strawberry 768.0 281.6 881.5994880000001 417.60051200000004
Strawberry 774.4 684.8 859.2005119999999 787.2
Strawberry 787.2 590.400512 967.999488 692.799488
Strawberry 833.599488 395.200512 937.6 500.799488
Strawberry 870.4 337.60051200000004 923.2005119999999 395.200512
Strawberry 875.2005119999999 515.2 956.8 617.6
Strawberry 899.2 448.0 966.4 518.4
