Strawberry 325.76 163.12315999999998 476.16 291.06312
Strawberry 0.0 381.90024000000005 140.8 495.76691999999997
Strawberry 0.0 265.4754 147.2 374.22371999999996
Strawberry 0.0 144.57208 172.16 252.04131999999996
Strawberry 0.64 539.26652 136.96 679.36012
Strawberry 30.72 0.0 182.4 128.57915999999997
Strawberry 128.64 582.76544 293.12 679.36012
Strawberry 174.72 0.0 296.96 99.79272
Strawberry 257.28 287.86440000000005 421.76 414.5246
Strawberry 304.64 0.0 463.36 101.07248
Strawberry 398.08 350.55496000000005 534.4 543.1044400000001
Strawberry 420.48 258.43808 615.68 375.50348
Strawberry 467.2 0.0 611.84 111.94704
Strawberry 643.2 0.0 795.52 135.61648
Strawberry 716.8 51.81532 936.96 189.35076
Strawberry 739.2 195.7482 914.56 291.703
Strawberry 766.72 262.91656 949.12 415.80436000000003
