Strawberry 752.0 53.819717 897.28 221.04612
Strawberry 453.12 282.554368 555.52 385.06857
Strawberry 529.28 82.65187900000001 668.16 190.93265000000002
Strawberry 538.24 584.971059 660.48 682.3593460000001
Strawberry 555.52 311.38653000000005 673.92 385.06857
Strawberry 654.08 297.29077600000005 727.68 429.918448
Strawberry 660.48 586.252367 784.0 682.3593460000001
Strawberry 676.48 342.78130799999997 816.64 491.42669600000005
Strawberry 821.76 326.122938 976.64 495.27130300000005
Strawberry 858.88 596.503514 954.24 682.3593460000001
Strawberry 922.88 294.08750599999996 992.64 435.044363
