Strawberry 569.600256 323.84 687.36 435.2
Strawberry 322.56 591.36 416.00025600000004 654.08
Strawberry 322.56 737.28 447.99974399999996 874.24
Strawberry 323.840256 655.36 416.00025600000004 706.56
Strawberry 323.840256 360.96 423.680256 450.56
Strawberry 325.119744 477.44 426.24 587.52
Strawberry 331.520256 67.84 422.40000000000003 157.44
Strawberry 332.799744 160.0 421.11974399999997 253.44
Strawberry 334.08 902.4 441.59999999999997 1022.72
Strawberry 340.479744 253.44 422.40000000000003 341.76
Strawberry 346.880256 0.0 432.63974399999995 49.92
Strawberry 543.999744 0.0 628.479744 49.92
Strawberry 551.679744 162.56 636.159744 229.12
Strawberry 556.8 65.28 633.5999999999999 144.64
Strawberry 565.760256 231.68 650.240256 318.72
Strawberry 576.0 467.2 677.1202559999999 565.76
Strawberry 583.6800000000001 615.68 705.2797439999999 701.44
Strawberry 610.5600000000001 750.08 730.880256 844.8
Strawberry 619.520256 903.68 743.679744 1022.72
