Strawberry 607.36 341.20912500000003 731.52 458.359695
Strawberry 0.0 22.406085 52.48 78.740685
Strawberry 0.0 0.0 99.84 44.811405
Strawberry 0.0 643.36806 124.8 764.359695
Strawberry 0.0 46.732319999999994 368.64 309.20076
Strawberry 44.8 613.28061 152.96 677.93688
Strawberry 80.0 731.7110250000001 145.92 763.7193900000001
Strawberry 110.72 646.56882 255.36 763.7193900000001
Strawberry 144.64 528.7779449999999 261.76 658.092015
Strawberry 195.84 28.807604999999995 547.84 167.08365
Strawberry 202.88 629.28441 273.92 696.5019000000001
Strawberry 208.0 412.26768 357.76 756.677565
Strawberry 232.96 634.406085 350.08 737.4730050000001
Strawberry 279.04 286.794675 686.08 667.6942950000001
Strawberry 442.24 0.0 499.2 37.769580000000005
Strawberry 478.08 729.1505699999999 547.84 764.359695
Strawberry 499.2 0.0 574.08 36.489734999999996
Strawberry 522.88 37.769580000000005 586.24 89.623575
Strawberry 576.64 0.0 633.6 44.811405
Strawberry 584.96 39.690495000000006 646.4 78.740685
Strawberry 588.8 400.10494500000004 1023.36 764.359695
Strawberry 600.32 189.48973499999997 687.36 263.108745
Strawberry 628.48 6.4015200000000005 688.64 64.65703500000001
Strawberry 664.96 239.42281499999999 752.0 318.1635
Strawberry 702.72 313.041825 776.96 366.81597
Strawberry 727.68 131.23422 779.52 181.16729999999998
Strawberry 741.12 263.108745 829.44 334.1673
Strawberry 776.96 117.790875 839.68 162.60227999999998
Strawberry 779.52 148.51863 845.44 199.73232
Strawberry 779.52 195.891255 858.24 269.510265
Strawberry 824.32 173.48517 905.6 247.104945
Strawberry 869.12 297.038025 956.16 365.53535999999997
Strawberry 894.08 83.861595 968.96 128.673765
Strawberry 897.92 60.175664999999995 979.84 99.86616
Strawberry 921.6 347.61064500000003 1020.16 427.63194000000004
Strawberry 942.72 215.73611999999997 1023.36 268.23042
Strawberry 946.56 107.54829 1023.36 160.04182500000002
Strawberry 995.2 85.142205 1023.36 137.63574000000003
Strawberry 997.76 173.48517 1023.36 243.26388
Strawberry 1004.8 405.22585499999997 1023.36 444.91634999999997
