Strawberry 346.35264 654.222336 881.7776640000001 1018.9803519999999
Strawberry 0.0 742.90176 118.797312 930.3009279999999
Strawberry 0.0 925.28128 122.143744 1022.326784
Strawberry 58.56256 848.3133439999999 341.332992 1022.326784
Strawberry 68.600832 757.960704 337.98656 918.588416
Strawberry 143.895552 553.8304 460.130304 880.104448
Strawberry 150.588416 925.28128 438.37952 1022.326784
Strawberry 317.908992 834.9276160000001 393.20268799999997 936.993792
Strawberry 378.14374399999997 515.346432 687.686656 796.444672
Strawberry 687.686656 568.889344 1022.326784 868.391936
Strawberry 779.7125120000001 853.332992 1020.653568 1002.248192
