Strawberry 706.56 459.84294 765.44 522.60678
Strawberry 0.0 253.61830799999998 17.92 297.168588
Strawberry 0.0 140.89921199999998 28.16 171.640224
Strawberry 0.0 308.69672399999996 34.56 356.08971599999995
Strawberry 3.84 486.74124000000006 55.04 552.0673439999999
Strawberry 64.0 502.112088 133.12 573.842484
Strawberry 117.76 467.528364 157.44 503.39322000000004
Strawberry 124.16 555.910056 168.96 603.303732
Strawberry 145.92 594.337176 184.32 635.325876
Strawberry 147.2 133.213788 183.04 163.9548
Strawberry 174.08 101.19096 211.2 128.089944
Strawberry 267.52 622.516608 321.28 682.718868
Strawberry 405.76 29.460563999999998 460.8 66.606552
Strawberry 565.76 15.370847999999999 596.48 44.83141199999999
Strawberry 586.24 445.75254000000007 627.2 498.269376
Strawberry 642.56 599.46102 697.6 651.977856
Strawberry 677.12 66.606552 698.88 101.19096
Strawberry 732.16 66.606552 761.6 94.786668
Strawberry 742.4 432.943956 796.16 475.21378799999997
Strawberry 770.56 51.235704 805.12 88.38169200000002
Strawberry 810.24 374.02214399999997 862.72 415.011528
Strawberry 824.32 64.044972 861.44 93.50553599999999
Strawberry 904.96 55.078416 933.12 94.786668
Strawberry 997.12 288.202032 1022.72 324.067572
