Strawberry 300.8 238.400256 403.999744 337.599744
Strawberry 275.2 228.800256 332.8 327.200256
Strawberry 276.799488 44.799744000000004 329.6 127.19999999999999
Strawberry 277.600256 103.19999999999999 305.60051200000004 259.20000000000005
Strawberry 281.6 105.60000000000001 375.199744 233.600256
Strawberry 315.200512 45.599999999999994 431.20025599999997 141.60000000000002
Strawberry 359.199744 153.60000000000002 465.60051200000004 287.199744
Strawberry 379.200512 81.6 499.2 209.600256
Strawberry 393.6 255.20025600000002 521.6 385.599744
Strawberry 449.60051200000004 207.20025600000002 572.8 308.799744
Strawberry 479.20025599999997 140.799744 600.800256 245.600256
Strawberry 499.2 356.799744 581.600256 412.79999999999995
Strawberry 511.20025599999997 289.599744 660.799488 401.60025599999994
Strawberry 512.799744 95.199744 596.799488 159.200256
Strawberry 543.200256 203.199744 655.200256 300.800256
Strawberry 584.800256 115.19999999999999 665.6 177.60000000000002
Strawberry 595.2 143.19974399999998 727.199744 244.79999999999998
