Strawberry 275.2 241.280256 426.24 392.96025599999996
Strawberry 330.88 127.35974399999998 494.72 298.239744
Strawberry 414.08 298.239744 612.48 401.28
Strawberry 428.8 222.71999999999997 510.72 321.920256
Strawberry 474.88 119.679744 593.92 240.0
Strawberry 490.88 211.839744 618.24 319.359744
Strawberry 506.88 35.840256 644.48 128.64000000000001
Strawberry 547.84 60.159744 688.0 200.319744
Strawberry 567.68 505.599744 688.0 616.959744
Strawberry 599.68 186.879744 701.44 320.64
Strawberry 648.32 385.280256 751.36 485.76
