Strawberry 166.40984100000003 360.32 454.426533 652.16
Strawberry 0.0 377.6 144.648486 587.52
Strawberry 0.0 522.88 320.01892499999997 702.72
Strawberry 31.362092999999998 316.16 244.49466299999997 417.92
Strawberry 110.08637399999999 356.48 293.777271 520.96
Strawberry 153.609084 81.92 551.072691 472.32
Strawberry 295.69769099999996 557.44 542.112093 701.44
Strawberry 423.065121 451.2 564.512907 580.48
Strawberry 440.346177 575.36 663.078804 680.32
Strawberry 533.151495 289.92 680.35986 592.64
