Strawberry 103.424 322.556312 281.6 651.256209
Strawberry 168.96 543.7376660000001 427.008 679.927866
Strawberry 254.976 322.556312 465.92 658.424294
Strawberry 356.352 169.98230800000002 525.312 304.124191
Strawberry 392.192 15.359986999999999 665.6 216.061586
Strawberry 501.76 222.20517099999998 606.208 295.93228899999997
Strawberry 584.704 340.98775 731.136 516.089826
Strawberry 600.064 482.29840100000007 821.248 636.920722
Strawberry 628.736 184.31779500000002 750.592 284.668936
Strawberry 630.784 22.528071999999998 724.992 172.02994199999998
Strawberry 712.704 337.916299 874.496 485.37053499999996
Strawberry 827.392 391.16366200000004 933.888 547.833617
Strawberry 830.464 446.45865899999995 1007.616 681.976183
