Strawberry 523.7125120000001 868.391936 652.54912 1018.9803519999999
Strawberry 331.293696 553.8304 545.46432 660.9152
Strawberry 332.96691200000004 485.22854400000006 538.771456 558.850048
Strawberry 359.73836800000004 597.332992 503.63392000000005 751.2678400000001
Strawberry 366.43123199999997 379.81696 563.869696 548.810752
Strawberry 406.588416 647.5294719999999 517.0196480000001 858.3526400000001
Strawberry 413.28128 316.235776 578.9276160000001 515.346432
Strawberry 481.882112 282.771456 610.71872 493.594624
Strawberry 513.673216 624.104448 630.797312 865.0455039999999
Strawberry 583.947264 316.235776 675.974144 495.26784000000004
Strawberry 610.71872 463.476736 816.5232639999999 585.6204799999999
Strawberry 614.065152 684.340224 727.842816 809.8304
Strawberry 629.124096 647.5294719999999 791.425024 752.941056
Strawberry 647.5294719999999 369.777664 773.0196480000001 537.09824
Strawberry 650.875904 583.947264 799.791104 674.300928
