Strawberry 647.68 211.434944 729.6 315.87179100000003
Strawberry 315.52 101.23289400000002 394.24 219.124158
Strawberry 366.08 187.728697 459.52 276.147145
Strawberry 439.68 61.508247999999995 493.44 119.813226
Strawberry 475.52 266.536652 558.08 333.81146900000005
Strawberry 512.0 64.071547 618.24 203.746413
Strawberry 614.4 137.753587 668.16 186.447389
Strawberry 624.64 382.505271 723.2 480.534895
Strawberry 730.88 210.153636 819.2 303.697999
Strawberry 805.76 395.31971699999997 940.8 476.690288
