Strawberry 19.2 225.38600000000002 225.28 352.80575999999996
Strawberry 23.68 311.82692 256.64 481.50664
Strawberry 99.2 176.72315999999998 262.4 290.6966
Strawberry 204.16 149.18995999999999 277.76 256.76052
Strawberry 252.8 32.01508 411.52 138.94508
Strawberry 270.08 279.17128 351.36 414.27504
Strawberry 334.08 256.76052 541.44 441.80824
Strawberry 382.72 516.72316 566.4 675.51812
Strawberry 410.24 423.23947999999996 613.76 545.5368000000001
Strawberry 432.64 3.20144 609.92 129.34076
Strawberry 617.6 194.01148000000003 763.52 370.73463999999996
Strawberry 733.44 129.34076 838.4 307.98492
Strawberry 734.72 391.86428 942.08 510.32028
Strawberry 805.12 169.03984 947.2 297.74004
