Strawberry 631.199744 385.373648 745.6 558.8724020000001
Strawberry 272.799744 165.502986 427.200512 330.206668
Strawberry 375.199744 190.28823 483.999744 341.399652
Strawberry 409.6 337.40245000000004 543.200256 473.322322
Strawberry 453.60025599999994 334.20387000000005 679.999488 529.2892879999999
Strawberry 454.4 193.48681000000002 532.799488 264.64464399999997
Strawberry 464.79974400000003 259.048152 503.19974400000007 335.80316000000005
Strawberry 491.200512 227.86643 604.8 339.801044
Strawberry 502.4 309.418626 602.399744 405.36238599999996
Strawberry 596.799488 276.637614 732.0002559999999 339.801044
Strawberry 657.599488 322.2109 763.200512 408.56028399999997
