Strawberry 92.8 124.160256 177.92 207.35999999999999
Strawberry 104.32 58.879872000000006 183.04 129.920256
Strawberry 112.0 3.840192 186.88 67.84012799999999
Strawberry 158.08 85.120128 236.8 161.28000000000003
Strawberry 175.36 23.679936 259.2 97.92
Strawberry 254.08 19.199808 336.64 83.840256
Strawberry 441.6 460.16006400000003 516.48 534.4001280000001
Strawberry 476.8 394.88025600000003 559.36 481.280256
Strawberry 522.88 446.07974399999995 621.44 538.8802559999999
Strawberry 547.84 355.20019199999996 630.4 449.919936
