Strawberry 729.6 435.84000000000003 936.96 647.679744
Strawberry 49.28 233.600256 220.16 339.200256
Strawberry 72.96 356.480256 311.04 569.600256
Strawberry 193.28 86.4 321.92 206.720256
Strawberry 243.84 490.23974400000003 496.64 744.96
Strawberry 308.48 152.96025600000002 480.64 295.68
Strawberry 340.48 279.680256 541.44 406.400256
Strawberry 344.32 0.0 490.88 77.439744
Strawberry 525.44 543.999744 739.84 767.360256
Strawberry 536.32 55.040256 628.48 181.76025600000003
Strawberry 561.28 272.00025600000004 739.84 392.319744
Strawberry 639.36 131.840256 807.04 278.4
Strawberry 704.0 5.76 832.64 80.00025600000001
Strawberry 855.04 270.71999999999997 1023.36 424.959744
Strawberry 856.32 140.799744 970.24 275.840256
