Strawberry 380.16 1.2810840000000001 606.72 272.16954799999996
Strawberry 0.0 177.390542 336.0 437.39191300000005
Strawberry 92.16 423.3035239999999 320.64 619.9060840000001
Strawberry 199.68 37.142952 416.0 295.863946
Strawberry 265.6 496.309051 483.2 682.0245180000001
Strawberry 298.24 268.327003 494.72 512.319066
Strawberry 339.84 493.74758999999995 467.2 589.806973
Strawberry 455.68 390.00241000000005 714.24 627.590467
Strawberry 493.44 124.87741000000001 787.84 408.57459299999994
Strawberry 624.64 0.0 850.56 233.74551199999996
Strawberry 680.96 377.19439800000004 910.72 572.516581
Strawberry 748.16 170.986536 964.48 382.318027
