Strawberry 637.44 80.08926299999999 762.88 205.028404
Strawberry 151.04 260.129429 370.56 493.98999499999996
Strawberry 152.32 164.02245 293.12 299.212738
Strawberry 195.84 467.720449 293.12 615.725183
Strawberry 225.92 115.328648 330.88 224.89004400000002
Strawberry 239.36 27.550853999999998 401.92 176.19624199999998
Strawberry 295.68 403.00824800000004 547.2 641.9947289999999
Strawberry 319.36 141.597511 510.72 315.230454
Strawberry 374.4 277.428453 501.76 401.72694
Strawberry 404.48 76.24465599999999 462.08 173.632943
Strawberry 469.76 69.83743299999999 630.4 203.746413
Strawberry 474.24 244.11171300000004 616.96 420.30795500000005
Strawberry 515.84 142.878819 686.72 295.368814
Strawberry 535.68 412.619424 761.6 641.9947289999999
Strawberry 605.44 230.01595899999998 782.08 405.571547
Strawberry 685.44 345.344607 820.48 535.6359199999999
