Strawberry 270.72 42.28704 395.52 178.11763200000001
Strawberry 0.0 0.0 84.48 112.124736
Strawberry 0.0 151.848576 92.16 256.925376
Strawberry 0.0 354.95424 101.76 460.03103999999996
Strawberry 88.32 184.52505599999998 223.36 288.320256
Strawberry 96.64 342.139968 257.92 477.330624
Strawberry 97.92 0.0 232.96 121.094784
Strawberry 231.68 189.65088 365.44 288.320256
Strawberry 261.76 318.433536 450.56 479.89324799999997
Strawberry 396.8 153.130176 535.68 259.488576
Strawberry 411.52 0.0 551.68 108.28051199999999
Strawberry 567.68 130.705344 721.92 252.44063999999997
Strawberry 572.8 0.0 714.24 82.01088
Strawberry 641.92 349.828416 794.24 458.74943999999994
Strawberry 714.24 0.0 839.04 115.96896
Strawberry 757.76 169.788672 899.2 272.302848
Strawberry 869.12 0.0 987.52 101.87308800000001
Strawberry 896.64 150.567552 1022.72 265.895424
Strawberry 942.72 367.12800000000004 1023.36 477.330624
