Strawberry 600.000512 508.8 726.4 619.200512
Strawberry 188.8 385.60051200000004 334.39948799999996 480.0
Strawberry 193.600512 523.200512 329.6 615.999488
Strawberry 224.0 593.599488 364.8 731.200512
Strawberry 225.600512 292.799488 359.999488 396.8
Strawberry 297.6 438.4 416.0 523.200512
Strawberry 308.799488 259.2 404.799488 329.6
Strawberry 326.4 651.200512 440.000512 784.0
Strawberry 363.200512 513.599488 484.799488 627.2
Strawberry 368.0 313.6 448.0 419.2
Strawberry 371.2 206.399488 470.4 329.6
Strawberry 379.200512 449.60051200000004 473.6 534.4
Strawberry 430.39948799999996 331.200512 521.6 468.799488
Strawberry 448.0 683.200512 548.799488 796.8
Strawberry 459.200512 500.799488 548.799488 580.799488
Strawberry 468.799488 574.400512 564.799488 689.599488
Strawberry 473.6 427.200512 558.400512 504.000512
Strawberry 486.4 190.399488 574.400512 295.999488
Strawberry 494.39948799999996 275.2 596.799488 404.799488
Strawberry 524.8 363.200512 619.200512 472.000512
Strawberry 529.599488 464.0 647.999488 544.0
Strawberry 537.6 675.2 647.999488 792.000512
Strawberry 588.8 217.6 694.4 316.8
Strawberry 617.6 659.2 724.799488 771.2
Strawberry 620.8 390.4 711.999488 481.60051200000004
Strawberry 643.2 612.799488 780.8 724.799488
Strawberry 684.8 273.60051200000004 784.0 371.2
Strawberry 713.6 332.8 843.2005119999999 435.2
Strawberry 715.200512 417.60051200000004 856.000512 496.0
Strawberry 716.8 571.200512 795.200512 662.4
Strawberry 718.400512 507.200512 857.6 601.6
