Strawberry 32.0 411.200512 100.800512 465.60051200000004
Strawberry 43.200511999999996 384.0 96.0 423.999488
Strawberry 113.599488 259.2 160.0 304.0
Strawberry 171.199488 102.4 233.6 167.99948799999999
Strawberry 195.2 249.6 235.199488 312.000512
Strawberry 222.399488 222.399488 263.999488 262.4
Strawberry 227.2 651.200512 278.4 708.799488
Strawberry 243.2 660.799488 384.0 796.8
Strawberry 249.6 62.400512 289.60051200000004 88.000512
Strawberry 256.0 113.599488 295.999488 147.2
Strawberry 268.8 33.599488 316.8 68.800512
Strawberry 384.0 787.2 484.799488 868.7994880000001
Strawberry 427.200512 345.6 481.60051200000004 422.4
Strawberry 472.000512 305.60051200000004 508.8 359.999488
Strawberry 484.799488 176.0 524.8 208.0
Strawberry 491.200512 132.800512 534.4 177.600512
Strawberry 505.6 64.0 545.599488 112.0
Strawberry 516.799488 180.800512 560.0 220.8
Strawberry 523.200512 1.6005120000000002 531.2 27.200512
Strawberry 536.000512 0.0 561.599488 27.200512
Strawberry 548.799488 65.599488 568.000512 92.8
Strawberry 551.999488 180.800512 576.0 220.8
Strawberry 790.4 94.400512 830.400512 142.399488
Strawberry 804.799488 57.6 827.200512 86.4
Strawberry 817.599488 128.0 870.4 174.399488
Strawberry 846.4005119999999 84.800512 888.000512 148.800512
Strawberry 864.0 209.600512 942.4005119999999 295.999488
