Strawberry 224.0 531.999744 259.00032000000004 564.0
Strawberry 238.999552 565.9998720000001 286.00012799999996 595.00032
Strawberry 243.999744 546.0003839999999 275.00032000000004 583.00032
Strawberry 254.999552 535.00032 300.99967999999996 562.0001279999999
Strawberry 266.000384 574.0001279999999 289.99987200000004 610.0001279999999
Strawberry 288.0 557.9996160000001 305.99987200000004 601.9998720000001
Strawberry 291.999744 525.000192 330.000384 552.0
Strawberry 295.000064 588.999936 327.999488 615.999744
Strawberry 300.99967999999996 536.000256 332.99967999999996 566.999808
Strawberry 311.000064 575.000064 359.999488 605.9996160000001
Strawberry 314.99980800000003 512.000256 348.000256 535.00032
Strawberry 321.99987200000004 601.9998720000001 348.99967999999996 618.0003839999999
Strawberry 344.999936 507.99974399999996 382.999552 536.000256
Strawberry 353.000448 541.9998720000001 387.00032000000004 565.9998720000001
Strawberry 355.999744 588.999936 384.0 603.999744
Strawberry 368.0 547.00032 398.00012799999996 581.9996160000001
Strawberry 378.99980800000003 592.99968 410.000384 612.0
Strawberry 378.99980800000003 567.999744 414.00012799999996 592.99968
Strawberry 392.999936 520.99968 426.000384 541.9998720000001
Strawberry 398.00012799999996 546.0003839999999 421.999616 578.999808
Strawberry 412.000256 525.000192 442.99980800000003 543.999744
Strawberry 414.00012799999996 589.9998720000001 433.00044800000006 601.9998720000001
Strawberry 417.99987200000004 571.00032 449.999872 590.999808
Strawberry 417.99987200000004 548.000256 458.000384 578.999808
Strawberry 423.999488 535.00032 453.999616 564.0
