Strawberry 928.64 142.11258 1010.56 235.574792
Strawberry 0.0 288.706552 115.84 681.117608
Strawberry 0.0 94.10162 222.08 326.47522
Strawberry 0.0 0.0 296.96 133.790588
Strawberry 87.04 317.513128 390.4 681.117608
Strawberry 168.32 96.66202 417.92 321.35442
Strawberry 256.64 0.0 454.4 150.43457199999997
Strawberry 403.2 346.320396 707.84 688.7995
Strawberry 432.0 124.18839600000001 666.88 380.24777199999994
Strawberry 472.96 0.0 652.8 144.033572
Strawberry 655.36 0.0 866.56 195.245032
Strawberry 688.0 133.790588 958.08 402.653348
Strawberry 716.8 346.320396 1016.32 691.3599
Strawberry 870.4 0.0 1023.36 202.92692399999999
Strawberry 913.92 150.43457199999997 1010.56 441.70221599999996
