Strawberry 42.922749 810.88 164.003868 904.96
Strawberry 0.0 743.04 74.314125 833.92
Strawberry 19.860003 678.4 97.37755200000001 777.6
Strawberry 72.392343 653.44 179.378805 769.28
Strawberry 100.58029499999999 698.88 217.817169 817.92
Strawberry 133.893453 585.6 226.78662 695.68
Strawberry 156.95688 862.08 229.989363 915.84
Strawberry 186.42647399999998 819.84 281.24074199999995 881.28
Strawberry 198.59798700000002 779.52 272.271972 849.92
Strawberry 219.73963199999997 867.2 320.960748 924.8
Strawberry 240.880596 712.96 375.41486999999995 851.2
Strawberry 242.161557 671.36 345.945276 762.24
Strawberry 254.97457199999997 625.92 347.22691799999996 679.68
Strawberry 301.741566 817.92 373.49308799999994 898.56
Strawberry 315.835542 659.2 427.94721000000004 753.28
Strawberry 326.726094 748.16 380.540076 807.68
Strawberry 361.320894 750.08 438.838443 865.28
