Strawberry 261.759744 505.6 389.76 704.64
Strawberry 314.88 469.12 440.96025599999996 567.04
Strawberry 321.920256 413.44 424.959744 501.12
Strawberry 327.03974400000004 304.64 468.48 425.6
Strawberry 370.56 248.96 477.440256 355.84
Strawberry 388.479744 399.36 506.88 532.48
Strawberry 408.96 212.48 540.159744 343.68
Strawberry 419.840256 119.68 545.919744 238.72
Strawberry 467.199744 350.08 573.440256 467.84
Strawberry 491.52 91.52 603.519744 217.6
Strawberry 496.640256 315.52 620.7997439999999 413.44
Strawberry 519.680256 227.84 657.2797439999999 336.64
Strawberry 587.52 161.28 699.519744 271.36
Strawberry 618.8797440000001 252.16 699.519744 375.04
