Strawberry 407.679744 256.0 519.039744 357.12
Strawberry 208.640256 490.24 351.99974399999996 611.2
Strawberry 247.040256 588.16 373.119744 695.04
Strawberry 271.359744 645.76 407.679744 784.0
Strawberry 323.840256 371.2 428.799744 446.72
Strawberry 323.840256 444.8 446.079744 542.72
Strawberry 378.24 636.8 449.91974400000004 708.48
Strawberry 397.43999999999994 680.32 526.719744 831.36
Strawberry 404.480256 584.32 484.479744 679.04
Strawberry 418.56000000000006 399.36 519.680256 483.2
Strawberry 449.91974400000004 469.12 563.199744 592.0
Strawberry 490.23974400000003 291.2 551.04 392.32
Strawberry 504.320256 413.44 570.24 507.52
Strawberry 512.64 350.08 612.48 449.92
Strawberry 514.5600000000001 719.36 591.36 813.44
Strawberry 596.480256 715.52 694.400256 801.28
