Strawberry 0.0 201.582819 129.92 279.016161
Strawberry 0.0 263.01770400000004 299.52 383.967207
Strawberry 120.96 230.38023 364.8 321.89270400000004
Strawberry 151.04 117.75 282.24 219.501543
Strawberry 287.36 260.45781900000003 660.48 390.366684
Strawberry 433.28 179.18488499999998 668.16 266.85729599999996
Strawberry 554.24 243.179184 750.72 320.61299699999995
Strawberry 657.92 191.983839 807.04 275.17656900000003
Strawberry 691.84 245.73906900000003 1023.36 366.689043
Strawberry 765.44 163.185957 930.56 259.178112
Strawberry 920.32 160.626543 1023.36 250.21875
