Strawberry 32.000256 263.68 236.79974399999998 421.12
Strawberry 0.0 755.2 180.48 866.56
Strawberry 0.0 674.56 215.04000000000002 789.76
Strawberry 8.960256000000001 587.52 83.199744 687.36
Strawberry 10.239744000000002 513.28 215.04000000000002 688.64
Strawberry 11.52 216.32 125.439744 327.68
Strawberry 28.160255999999997 414.72 322.56 646.4
Strawberry 113.919744 766.72 343.040256 885.76
Strawberry 216.320256 637.44 320.00025600000004 784.64
Strawberry 230.39999999999998 176.64 435.200256 336.64
Strawberry 296.96025599999996 820.48 412.160256 952.32
Strawberry 358.400256 773.12 432.63974399999995 838.4
Strawberry 364.79999999999995 368.64 492.800256 453.12
Strawberry 432.63974399999995 590.08 591.36 825.6
Strawberry 526.08 177.92 650.240256 417.28
Strawberry 619.520256 494.08 701.439744 583.68
Strawberry 678.399744 423.68 766.719744 611.84
