Cucumber 0.0 723.6595850000001 74.88 776.126802
Cucumber 17.28 724.939567 49.92 741.5753179999999
Cucumber 141.44 776.126802 173.44 802.3600090000001
Cucumber 168.96 143.324258 204.8 169.557465
Cucumber 192.64 169.557465 202.24 179.155724
Cucumber 204.8 378.145548 229.76 397.341263
Cucumber 239.36 563.6995760000001 264.32 588.6536040000001
Cucumber 261.76 582.894488 276.48 605.289355
Cucumber 311.04 185.55402800000002 362.24 218.82553
Cucumber 312.96 197.070654 377.6 239.94041500000003
Cucumber 359.68 25.594019 395.52 36.470654
Cucumber 360.32 478.600848 405.76 511.87235
Cucumber 387.2 705.743852 421.76 741.5753179999999
Cucumber 402.56 504.83405500000003 429.44 546.423834
Cucumber 431.36 751.172774 445.44 779.325954
Cucumber 692.48 264.254452 874.88 343.594064
Cucumber 696.96 706.383843 774.4 757.5710779999999
Cucumber 755.84 747.3336310000001 851.2 802.3600090000001
Cucumber 836.48 303.284267 895.36 371.107253
Cucumber 947.84 18.555724 996.48 35.191475000000004
