Strawberry 144.06752 689.28 207.4578 771.2
Strawberry 55.06572 686.08 113.33356 743.68
Strawberry 67.87216 455.68 97.32568 495.36
Strawberry 99.24668 663.04 153.03195999999997 713.6
Strawberry 118.45599999999999 471.04 154.95296 504.32
Strawberry 130.62120000000002 864.0 205.53679999999997 935.68
Strawberry 146.62908 584.96 183.12604000000002 652.8
Strawberry 178.0036 572.8 223.465 618.24
Strawberry 178.0036 540.16 225.38600000000002 578.56
Strawberry 212.58024 593.92 258.04164000000003 649.6
Strawberry 214.50124 754.56 272.12784 807.04
Strawberry 233.70987999999997 519.04 283.01328 548.48
Strawberry 258.04164000000003 477.44 283.01328 508.8
Strawberry 297.09947999999997 531.2 321.43124 569.6
Strawberry 309.26536000000004 489.6 352.80575999999996 531.84
Strawberry 352.80575999999996 664.96 415.55548 727.68
Strawberry 422.59891999999996 592.64 469.98132 655.36
Strawberry 429.64236 564.48 482.1472 606.72
Strawberry 435.40468 516.48 466.77988 561.92
Strawberry 436.68580000000003 677.12 500.0754 738.56
Strawberry 450.77200000000005 529.28 503.27684 578.56
Strawberry 466.77988 647.04 527.6086 696.32
Strawberry 517.36372 567.68 555.78168 624.0
Strawberry 527.6086 514.56 546.8172400000001 558.08
