Cucumber 0.0 416.59676 183.04 622.01498
Cucumber 0.0 85.751402 195.2 178.541578
Cucumber 47.36 308.447518 176.64 449.23295599999994
Cucumber 166.4 426.83511599999997 343.04 634.1736980000001
Cucumber 188.8 307.167532 343.04 474.830378
Cucumber 360.32 428.115102 533.12 659.13151
Cucumber 370.56 316.12666799999994 517.12 411.476816
Cucumber 539.52 441.553806 698.88 664.2506880000001
Cucumber 698.88 309.727504 860.16 506.18735399999997
Cucumber 748.16 302.68873 835.84 385.23978399999993
Cucumber 852.48 301.408744 1023.36 482.50952800000005
Cucumber 891.52 532.424386 1021.44 640.572862
