Strawberry 415.333376 490.000384 647.999488 696.000512
Strawberry 165.332992 291.33312 351.333376 532.6663679999999
Strawberry 243.999744 478.666752 445.333504 677.9996160000001
Strawberry 288.0 216.00051200000001 359.999488 319.333376
Strawberry 319.333376 355.999744 478.666752 506.667008
Strawberry 324.66636800000003 60.00025600000001 517.332992 235.333632
Strawberry 338.666496 138.667008 595.9997440000001 396.000256
Strawberry 477.333504 278.66624 670.000128 522.667008
Strawberry 513.999872 35.33312 673.333248 161.333248
Strawberry 515.33312 133.332992 646.66624 300.000256
Strawberry 606.666752 478.666752 794.0003839999999 686.666752
Strawberry 625.999872 110.666752 815.3333759999999 272.0
Strawberry 670.000128 56.667136 827.3336320000001 160.0
Strawberry 764.0002559999999 142.666752 952.000512 415.333376
