Strawberry 556.16 58.304978 740.48 226.812689
Strawberry 244.48 101.23289400000002 416.0 276.147145
Strawberry 263.04 0.0 417.28 93.544363
Strawberry 269.44 338.93738399999995 471.04 550.372328
Strawberry 332.16 80.08926299999999 412.16 151.208004
Strawberry 395.52 178.758858 559.36 349.18853099999995
Strawberry 403.2 41.005954 567.04 185.16608100000002
Strawberry 409.6 0.0 526.72 73.68203999999999
Strawberry 538.24 0.0 634.24 89.05910200000001
Strawberry 594.56 0.0 749.44 73.68203999999999
Strawberry 694.4 263.974036 757.12 322.91898499999996
Strawberry 695.68 340.218692 917.12 656.7304539999999
Strawberry 696.96 282.554368 851.84 483.097511
Strawberry 791.68 252.440898 968.32 416.46334800000005
