Strawberry 678.115328 267.22436 811.235328 415.05024000000003
Strawberry 223.00467200000003 286.5554 344.747008 423.01032000000004
Strawberry 233.244672 204.68204 438.044672 349.09704
Strawberry 245.76 360.468 331.092992 455.98692
Strawberry 307.2 383.2106 465.35065599999996 537.8596
Strawberry 310.612992 344.54852000000005 436.907008 403.67928
Strawberry 316.30233599999997 485.55196 434.63065599999993 598.12732
Strawberry 426.667008 529.89952 516.550656 631.10392
Strawberry 426.667008 250.16724 565.475328 416.18719999999996
Strawberry 434.63065599999993 409.36476 531.342336 532.17412
Strawberry 510.862336 490.10047999999995 640.569344 629.96628
Strawberry 524.5153280000001 186.48796 633.742336 296.7894
Strawberry 543.857664 377.52512 699.732992 537.8596
Strawberry 558.649344 291.10391999999996 690.6306559999999 400.26772
Strawberry 634.88 239.93323999999998 745.2446719999999 340.0
Strawberry 650.809344 370.70268000000004 772.550656 524.21404
