Strawberry 502.4 184.971177 577.28 285.45681299999995
Strawberry 259.84 147.208365 346.24 244.49466299999997
Strawberry 277.76 98.56589699999998 369.92 158.729523
Strawberry 300.16 177.290178 414.08 287.376552
Strawberry 335.36 67.203804 397.44 110.08637399999999
Strawberry 357.76 129.927309 424.96 194.57123399999998
Strawberry 361.6 93.445458 448.64 145.928766
Strawberry 398.72 207.371991 492.8 298.25757
Strawberry 402.56 52.483308 462.72 107.52649500000001
Strawberry 410.24 145.928766 513.92 234.893925
Strawberry 433.92 68.484084 513.92 136.328028
Strawberry 439.04 48.643148999999994 540.16 110.08637399999999
Strawberry 446.08 110.08637399999999 533.76 168.32958000000002
Strawberry 502.4 124.80755100000002 592.64 213.77271
Strawberry 507.52 63.363645000000005 554.88 106.246215
Strawberry 512.64 92.16517800000001 599.68 162.569682
Strawberry 554.88 60.803766 624.0 160.009122
Strawberry 570.24 163.849962 662.4 275.85607500000003
Strawberry 602.24 89.605299 661.12 157.44924300000002
Strawberry 612.48 123.527271 698.88 223.37344799999997
