Strawberry 487.04 146.559744 728.96 325.760256
Strawberry 23.04 154.23974399999997 241.28 341.76
Strawberry 24.32 312.96 218.88 540.159744
Strawberry 49.28 512.64 279.68 723.84
Strawberry 108.16 13.440000000000001 318.72 197.76
Strawberry 185.6 341.76 397.44 578.559744
Strawberry 245.12 144.639744 450.56 368.00025600000004
Strawberry 287.36 535.040256 510.08 763.520256
Strawberry 302.72 0.0 510.72 181.76025600000003
Strawberry 380.16 318.080256 630.4 546.560256
Strawberry 456.96 528.639744 728.32 763.520256
Strawberry 509.44 0.0 723.2 170.88
Strawberry 645.76 319.359744 991.36 586.239744
Strawberry 698.88 14.079744000000002 917.12 181.76025600000003
Strawberry 704.0 553.599744 949.12 767.360256
Strawberry 716.16 128.64000000000001 983.04 344.319744
