Strawberry 625.62122 361.213952 753.2652400000001 479.65900800000003
Strawberry 210.77938 467.89836799999995 331.70550000000003 607.343616
Strawberry 281.31978000000004 551.061504 418.2003 645.98528
Strawberry 291.39712 620.7846400000001 469.42588000000006 793.831424
Strawberry 319.94844000000006 280.57088 381.25136 374.654976
Strawberry 331.70550000000003 198.247424 472.78532 337.692672
Strawberry 480.34308000000004 665.306112 652.4938 822.391808
Strawberry 570.19732 215.888896 711.27714 368.774144
Strawberry 629.81954 610.70336 785.176 769.470464
Strawberry 661.73128 462.85824 807.84928 661.946368
