Strawberry 208.64 462.08025599999996 366.08 604.160256
Strawberry 0.0 389.120256 82.56 453.75974399999996
Strawberry 0.0 449.91974400000004 97.28 549.12
Strawberry 25.6 467.199744 175.36 604.8
Strawberry 28.16 333.44025600000003 152.96 397.43999999999994
Strawberry 99.84 329.600256 279.68 468.48
Strawberry 152.96 300.800256 237.44 360.320256
Strawberry 221.44 308.480256 299.52 374.4
Strawberry 268.8 291.200256 365.44 412.79999999999995
Strawberry 295.68 360.320256 439.68 493.43999999999994
Strawberry 340.48 293.76 396.16 343.040256
Strawberry 356.48 311.04 500.48 405.12
Strawberry 435.84 448.640256 584.96 579.84
Strawberry 450.56 327.03974400000004 562.56 382.719744
Strawberry 484.48 368.00025600000004 623.36 469.76025599999997
