Strawberry 370.347008 469.332992 542.72 624.64
Strawberry 160.427008 232.107008 271.36 380.587008
Strawberry 192.852992 354.987008 358.4 532.48
Strawberry 254.292992 138.24 431.787008 254.292992
Strawberry 378.88 63.14700799999999 520.532992 162.132992
Strawberry 411.307008 233.81299199999998 530.772992 416.427008
Strawberry 493.227008 109.22700800000001 653.652992 218.452992
Strawberry 501.76 397.652992 680.96 568.32
Strawberry 612.692992 336.212992 761.172992 488.107008
Strawberry 621.227008 177.492992 757.76 344.747008
