Strawberry 252.16 516.067695 404.48 741.44813
Strawberry 88.32 553.2050750000001 275.2 677.41988
Strawberry 177.92 649.2474500000001 280.32 773.4622549999999
Strawberry 189.44 244.587915 400.64 416.183625
Strawberry 227.84 663.333665 357.12 797.79299
Strawberry 320.0 74.27277000000001 549.12 283.004865
Strawberry 354.56 708.15344 518.4 827.2459850000001
Strawberry 396.8 567.29129 633.6 735.045305
Strawberry 450.56 234.34339500000002 599.04 489.17583
Strawberry 455.68 172.87627500000002 696.32 288.12712500000004
Strawberry 536.32 590.34146 744.96 838.77107
Strawberry 546.56 366.24159000000003 684.8 514.788125
Strawberry 679.68 416.183625 901.12 585.2192
