Strawberry 138.399744 287.199744 237.599744 398.40000000000003
Strawberry 162.400256 382.400256 295.999488 477.59999999999997
Strawberry 179.999744 153.60000000000002 293.600256 233.600256
Strawberry 186.399744 230.39999999999998 248.00051200000001 301.599744
Strawberry 204.000256 468.0 318.39948799999996 561.5999999999999
Strawberry 257.60051200000004 96.0 354.400256 166.400256
Strawberry 265.6 459.99974399999996 409.6 614.4000000000001
Strawberry 330.399744 62.400000000000006 429.59974400000004 121.599744
Strawberry 370.400256 494.40000000000003 518.4 644.000256
Strawberry 425.6 48.0 486.4 99.99974399999999
Strawberry 469.60025599999994 505.599744 609.599488 670.400256
Strawberry 490.39974400000006 38.400000000000006 576.0 98.39999999999999
Strawberry 569.6 62.400000000000006 662.4 141.60000000000002
Strawberry 570.399744 466.400256 710.4 639.999744
Strawberry 654.400512 80.00025600000001 739.9997440000001 158.39999999999998
Strawberry 670.400512 390.39974400000006 796.0002559999999 558.399744
Strawberry 684.0002559999999 133.599744 798.400512 209.600256
Strawberry 721.599488 346.400256 839.999488 497.60025599999994
Strawberry 733.599744 260.00025600000004 849.5994880000001 369.6
Strawberry 745.6 209.600256 839.999488 296.00025600000004
