Strawberry 688.0 240.0 852.48 380.15999999999997
Strawberry 0.0 375.03974400000004 32.0 468.48
Strawberry 0.0 40.32 94.08 236.16
Strawberry 0.0 259.839744 136.32 407.679744
Strawberry 0.0 293.76 1023.36 767.360256
Strawberry 55.68 153.60000000000002 226.56 329.600256
Strawberry 198.4 151.040256 359.68 408.96
Strawberry 509.44 17.919744 710.4 217.599744
Strawberry 674.56 87.680256 875.52 247.68
Strawberry 840.32 247.68 983.04 427.520256
Strawberry 949.76 391.68 1023.36 563.840256
Strawberry 983.04 332.15999999999997 1023.36 398.72025600000006
