Strawberry 239.36 315.519744 336.0 389.120256
Strawberry 268.8 149.76 398.08 250.23974399999997
Strawberry 327.04 0.0 436.48 35.840256
Strawberry 355.84 411.519744 481.28 496.640256
Strawberry 441.6 257.28000000000003 576.64 364.160256
Strawberry 508.16 33.279743999999994 641.92 138.24
Strawberry 562.56 410.24025600000004 645.76 497.91974400000004
Strawberry 638.72 205.44 719.36 305.919744
Strawberry 696.96 357.759744 788.48 432.63974399999995
Strawberry 715.52 115.19999999999999 804.48 202.88025599999997
Strawberry 752.64 236.16 803.2 271.359744
