Strawberry 667.608064 612.391936 983.842816 936.993792
Strawberry 92.025856 351.37228799999997 296.157184 552.157184
Strawberry 97.04550400000001 630.797312 282.771456 819.869696
Strawberry 254.32678399999998 435.03308799999996 403.241984 580.6008320000001
Strawberry 259.346432 548.810752 378.14374399999997 722.823168
Strawberry 267.712512 696.052736 560.5232639999999 993.8821119999999
Strawberry 391.529472 483.55532800000003 533.751808 570.56256
Strawberry 481.882112 316.235776 609.045504 471.842816
Strawberry 495.26784000000004 501.960704 625.777664 680.993792
Strawberry 694.3795200000001 473.51603200000005 853.332992 627.45088
