Strawberry 381.55116499999997 425.6 480.14047500000004 508.16
Strawberry 227.90635 432.64 291.28529 509.44
Strawberry 252.23344 418.56 284.242805 485.12
Strawberry 280.40201 444.8 354.02307 530.56
Strawberry 310.490635 315.52 389.23344 397.44
Strawberry 387.313385 308.48 437.88762 344.96
Strawberry 420.60301499999997 304.64 483.340795 401.28
Strawberry 462.21470999999997 414.72 504.46756500000004 476.16
Strawberry 467.97693 439.68 530.71471 539.52
Strawberry 518.5511650000001 414.72 560.163545 490.24
