Strawberry 227.2 410.696779 307.84 489.504734
Strawberry 88.32 466.43914100000006 203.52 554.216935
Strawberry 101.12 535.6359199999999 207.36 625.3356759999999
Strawberry 140.8 568.9533429999999 241.92 652.88653
Strawberry 151.04 382.505271 236.8 458.109956
Strawberry 161.92 426.714495 216.96 502.959834
Strawberry 223.36 571.515959 359.68 649.041923
Strawberry 304.64 425.43318700000003 366.08 497.83391900000004
Strawberry 305.92 479.253587 368.0 579.20449
Strawberry 354.56 567.6713520000001 434.56 631.742899
Strawberry 354.56 385.06857 469.76 496.552611
Strawberry 417.28 500.396535 500.48 618.928453
Strawberry 437.12 444.01420199999995 505.6 538.839873
