Strawberry 737.28 446.486109 856.96 526.4439779999999
Strawberry 14.08 344.13959700000004 132.48 441.36864599999996
Strawberry 36.48 468.874065 137.6 557.7876660000001
Strawberry 125.44 447.76530299999996 221.44 553.949397
Strawberry 135.04 331.98587999999995 215.04 429.214929
Strawberry 188.8 575.058846 277.76 653.737521
Strawberry 215.04 323.030835 293.76 417.700809
Strawberry 221.44 451.60357200000004 309.12 548.832621
Strawberry 276.48 564.1843230000001 346.24 653.737521
Strawberry 293.76 314.07510299999996 377.6 411.94443599999994
Strawberry 309.12 430.494123 424.96 530.282247
Strawberry 346.24 556.508472 462.72 651.178446
Strawberry 378.88 326.86841699999997 456.32 411.94443599999994
Strawberry 410.24 215.56686 494.72 296.80461
Strawberry 417.28 34.541673 507.52 92.751183
Strawberry 423.68 119.61700500000002 481.28 198.29636699999998
Strawberry 428.8 436.89077999999995 502.4 518.12853
Strawberry 452.48 317.91337200000004 563.84 421.53907799999996
Strawberry 461.44 560.346054 551.04 640.3046099999999
Strawberry 476.16 118.33781099999999 545.28 203.413143
Strawberry 492.8 234.11723400000002 554.88 300.642192
Strawberry 498.56 433.05319799999995 581.12 535.39971
Strawberry 510.08 33.262479 583.68 76.759884
Strawberry 545.28 551.3910089999999 634.88 632.628759
Strawberry 547.2 124.734468 596.48 202.133949
Strawberry 554.88 223.24271100000004 627.2 301.922073
Strawberry 563.84 308.31872999999996 670.08 413.22362999999996
Strawberry 586.24 134.32979699999999 634.88 209.170203
Strawberry 587.52 433.05319799999995 664.96 523.88559
Strawberry 599.68 33.262479 682.24 91.47198900000001
Strawberry 628.48 231.558846 723.84 310.237521
Strawberry 629.76 561.625935 701.44 633.907953
Strawberry 634.88 142.005648 701.44 206.61181499999998
Strawberry 659.84 433.05319799999995 742.4 511.73187299999995
Strawberry 668.8 320.47176 751.36 413.22362999999996
Strawberry 688.64 44.137001999999995 772.48 101.70691500000001
Strawberry 698.88 131.770722 762.24 207.891009
Strawberry 702.72 553.949397 760.96 637.7455349999999
Strawberry 713.6 227.08098 798.72 317.91337200000004
Strawberry 750.08 328.148298 851.2 418.98069000000004
Strawberry 760.96 557.7876660000001 824.96 637.7455349999999
Strawberry 766.08 139.44726 823.68 207.891009
Strawberry 775.04 28.145016 860.16 101.70691500000001
Strawberry 794.88 244.35216 867.2 316.63417799999996
Strawberry 823.68 155.438559 882.56 221.96351699999997
Strawberry 824.96 565.463517 899.84 639.025416
Strawberry 848.64 328.148298 929.92 424.097466
Strawberry 855.04 235.39642800000001 924.8 323.030835
Strawberry 862.08 429.214929 949.76 520.047321
Strawberry 863.36 54.37124099999999 915.84 113.220348
Strawberry 883.84 140.726454 956.16 227.08098
Strawberry 924.8 249.468936 988.8 324.310029
Strawberry 933.76 333.265074 998.4 417.700809
