Strawberry 278.4 493.43999999999994 391.68 620.7997439999999
Strawberry 0.0 433.280256 61.44 767.360256
Strawberry 110.08 24.320256 214.4 151.68
Strawberry 128.64 136.959744 218.88 291.84000000000003
Strawberry 170.88 247.68 277.12 417.27974399999994
Strawberry 190.72 424.959744 292.48 578.559744
Strawberry 194.56 546.560256 364.16 767.360256
Strawberry 199.04 53.760000000000005 291.2 192.63974399999998
Strawberry 229.12 155.52 339.2 304.640256
Strawberry 241.28 8.319744 371.84 83.84025600000001
Strawberry 286.08 304.640256 340.48 375.03974400000004
Strawberry 299.52 85.119744 398.72 205.44
Strawberry 321.92 213.759744 428.8 339.200256
Strawberry 360.32 700.160256 456.96 767.360256
Strawberry 364.16 384.0 480.64 533.76
Strawberry 405.12 548.480256 442.24 594.560256
Strawberry 422.4 0.0 501.76 123.519744
Strawberry 431.36 682.880256 506.88 767.360256
Strawberry 440.96 503.04 558.72 673.92
Strawberry 449.92 67.83974400000001 549.12 195.20025600000002
Strawberry 465.92 668.7997439999999 588.8 767.360256
Strawberry 475.52 168.320256 597.12 299.52
Strawberry 503.04 0.0 602.24 127.35974399999998
Strawberry 529.28 319.359744 620.8 460.79999999999995
Strawberry 546.56 113.28 639.36 205.44
Strawberry 560.0 0.0 647.04 110.07974399999999
Strawberry 567.68 224.000256 644.48 298.239744
Strawberry 582.4 449.28 686.72 623.360256
Strawberry 608.64 74.88 692.48 179.19974399999998
Strawberry 616.96 344.319744 677.76 435.84000000000003
Strawberry 623.36 623.360256 758.4 767.360256
Strawberry 625.92 138.24 742.4 311.679744
Strawberry 647.04 393.59999999999997 754.56 513.920256
Strawberry 680.32 315.519744 783.36 401.28
Strawberry 682.88 495.36 809.6 680.319744
Strawberry 757.12 410.88 858.88 573.440256
Strawberry 809.6 549.759744 922.24 735.999744
