Strawberry 440.82732200000004 340.48 553.59684 476.16
Strawberry 98.67325 317.44 153.135876 382.08
Strawberry 108.925252 462.08 154.417298 528.64
Strawberry 115.97338599999999 346.88 224.898638 483.2
Strawberry 144.165922 471.04 246.04304 595.2
Strawberry 165.31032399999998 231.68 210.80236999999997 299.52
Strawberry 217.850504 275.2 324.853936 375.04
Strawberry 219.77295 135.04 322.93149 271.36
Strawberry 265.264996 28.8 304.99095600000004 89.6
Strawberry 308.83522200000004 70.4 361.375402 152.96
Strawberry 347.279134 259.2 464.53456800000004 350.08
Strawberry 429.93429599999996 540.8 538.21915 616.32
Strawberry 433.138164 469.12 511.94906000000003 554.88
Strawberry 471.58270200000004 247.04 574.7412419999999 366.08
Strawberry 543.344838 376.32 609.9812860000001 488.32
Strawberry 564.48924 229.76 617.0294200000001 348.8
