Strawberry 181.614592 177.79494300000002 239.57708799999997 266.69283
Strawberry 197.07187199999998 575.902113 282.083328 643.542189
Strawberry 210.59583999999998 299.546415 299.471872 371.051472
Strawberry 214.460416 79.23501900000001 309.132288 131.41434
Strawberry 245.373952 411.635019 336.181248 481.20716999999996
Strawberry 284.015616 235.772151 359.365632 324.670038
Strawberry 320.724992 286.018566 388.34688 371.051472
Strawberry 322.656256 380.71433999999994 380.61875200000003 467.67932099999996
Strawberry 357.434368 222.244302 413.46457599999997 297.61434
Strawberry 369.026048 467.67932099999996 426.98854400000005 517.925736
Strawberry 370.958336 146.874264 438.581248 218.379321
Strawberry 423.124992 485.072151 488.814592 531.4535850000001
Strawberry 432.785408 83.10000000000001 496.54374400000006 146.874264
Strawberry 454.037504 367.18566000000004 521.660416 463.81433999999996
Strawberry 484.95104000000003 494.735019 548.709376 554.644302
Strawberry 490.74688 96.627849 558.369792 164.267094
Strawberry 500.407296 430.960755 539.04896 479.27426399999996
Strawberry 510.06771200000003 382.646415 540.981248 440.62362299999995
Strawberry 535.184384 519.8578110000001 616.332288 577.835019
Strawberry 537.116672 384.579321 589.283328 473.476377
Strawberry 540.981248 475.4092830000001 620.1958400000001 510.19494299999997
Strawberry 556.437504 123.683547 629.8562559999999 189.39071700000002
Strawberry 620.1958400000001 152.67215099999999 689.75104 220.31139599999997
Strawberry 631.788544 467.67932099999996 703.275008 531.4535850000001
Strawberry 643.381248 579.767094 711.00416 633.879321
Strawberry 668.49792 401.972151 720.664576 463.81433999999996
Strawberry 685.8864639999999 324.670038 743.8489599999999 384.579321
Strawberry 691.6833280000001 496.66709399999996 759.305216 587.4978870000001
Strawberry 699.4114559999999 257.029962 726.460416 305.34430199999997
Strawberry 730.324992 315.00717 782.490624 386.511396
Strawberry 734.1885440000001 405.837132 780.558336 500.532906
Strawberry 786.3552 228.042189 855.909376 307.276377
Strawberry 799.8791679999999 322.737132 836.5885440000001 398.10717
