Strawberry 64.0 368.30036600000005 249.6 532.914984
Strawberry 0.0 185.75164999999998 77.44 347.163334
Strawberry 7.04 0.0 181.12 151.16353
Strawberry 58.24 137.071718 227.2 279.90858000000003
Strawberry 96.0 563.6601320000001 247.04 685.359276
Strawberry 117.12 251.08491800000002 302.08 416.339574
Strawberry 172.16 0.0 305.92 110.810266
Strawberry 222.08 90.95399599999999 385.92 257.4901
Strawberry 247.04 337.555218 433.28 522.66683
Strawberry 323.2 0.0 500.48 85.830262
Strawberry 337.28 187.032412 489.6 319.62112
Strawberry 370.56 465.019506 528.0 626.43119
Strawberry 374.4 571.346076 569.6 685.359276
Strawberry 388.48 64.692544 569.6 182.548716
Strawberry 453.12 98.640626 627.2 248.52270800000002
Strawberry 523.52 306.170032 678.4 453.48990399999997
Strawberry 561.92 470.14392599999996 730.88 628.9934000000001
Strawberry 570.88 0.0 770.56 103.76504599999998
Strawberry 580.48 197.281252 779.52 344.601124
Strawberry 647.04 43.55551199999999 819.2 203.686434
Strawberry 657.92 567.5031039999999 834.56 685.359276
Strawberry 771.84 197.281252 971.52 391.35956999999996
Strawberry 783.36 356.130726 954.24 517.54241
Strawberry 795.52 0.0 909.44 62.13102
Strawberry 837.12 0.0 969.6 128.74505
Strawberry 856.96 596.326766 1016.96 685.359276
Strawberry 943.36 108.24805599999999 1023.36 249.804156
Strawberry 977.92 249.804156 1023.36 367.660328
