Strawberry 504.320256 787.2 739.839744 963.84
Strawberry 0.0 844.16 119.679744 929.92
Strawberry 0.0 915.84 123.519744 1023.36
Strawberry 118.400256 844.16 478.719744 1023.36
Strawberry 121.599744 961.28 273.920256 1023.36
Strawberry 326.4 817.92 546.560256 1023.36
Strawberry 467.840256 809.6 551.679744 965.12
Strawberry 499.20000000000005 736.0 558.72 967.04
Strawberry 531.2002560000001 867.2 637.4399999999999 989.44
Strawberry 675.84 485.76 704.000256 536.32
Strawberry 681.5999999999999 535.04 744.320256 595.84
