Strawberry 206.72 37.114023 350.72 177.89022700000004
Strawberry 92.16 404.41147300000006 219.52 573.3427760000001
Strawberry 156.16 127.33852699999998 236.8 172.13102
Strawberry 156.16 83.186261 240.64 165.73229500000002
Strawberry 254.72 0.0 474.24 115.820113
Strawberry 348.16 98.543201 568.32 207.32507099999998
Strawberry 450.56 98.543201 522.24 143.33569400000002
Strawberry 556.8 376.89589200000006 665.6 526.63102
Strawberry 703.36 7.038951999999999 881.92 195.806657
Strawberry 896.64 102.382436 972.8 213.084278
Strawberry 908.16 506.79390900000004 1023.36 671.885977
