Strawberry 387.2 748.8 551.999488 870.4
Strawberry 160.0 361.6 305.60051200000004 524.8
Strawberry 172.8 590.400512 280.000512 731.200512
Strawberry 187.199488 470.4 388.799488 649.6
Strawberry 235.199488 231.99948799999999 380.8 358.4
Strawberry 236.8 323.2 476.8 507.200512
Strawberry 262.4 583.999488 428.8 761.6
Strawberry 337.60051200000004 182.4 473.6 284.8
Strawberry 340.799488 457.6 507.200512 577.599488
Strawberry 368.0 252.8 512.0 408.000512
Strawberry 406.4 539.200512 502.4 700.8
Strawberry 441.6 347.200512 646.4 512.0
Strawberry 455.999488 132.800512 612.799488 272.0
Strawberry 472.000512 632.000512 688.0 803.2
Strawberry 481.60051200000004 508.8 615.999488 649.6
Strawberry 580.799488 265.6 737.599488 425.6
Strawberry 592.0 204.8 732.8 308.799488
Strawberry 604.8 440.000512 745.6 568.000512
Strawberry 615.999488 563.2 758.4 667.200512
Strawberry 724.799488 583.999488 852.7994880000001 732.8
Strawberry 726.4 385.60051200000004 862.4005119999999 556.8
Strawberry 728.000512 297.6 843.2005119999999 452.799488
