Strawberry 335.36 317.495965 489.6 468.562588
Strawberry 0.0 506.96904400000005 59.52 599.7853289999999
Strawberry 0.0 404.55114499999996 93.44 510.809553
Strawberry 0.0 570.980487 131.84 682.3600289999999
Strawberry 3.2 329.658146 90.88 435.91655399999996
Strawberry 46.08 453.199869 165.76 581.862043
Strawberry 99.84 323.25707 204.8 432.07604499999997
Strawberry 109.44 534.493944 241.92 675.958953
Strawberry 158.08 282.289364 337.28 405.831087
Strawberry 160.64 418.63323899999995 312.32 567.1399779999999
Strawberry 204.8 610.667568 334.72 678.5195199999999
Strawberry 286.08 401.990578 384.64 501.84791
Strawberry 315.52 479.44414400000005 412.16 583.142668
Strawberry 341.76 585.7032350000001 481.92 682.3600289999999
Strawberry 401.92 505.689102 583.04 614.5080770000001
Strawberry 421.76 432.07604499999997 526.72 525.532301
Strawberry 459.52 302.133246 703.36 546.016154
Strawberry 479.36 599.7853289999999 588.16 682.3600289999999
Strawberry 615.68 636.911843 737.92 682.3600289999999
Strawberry 663.04 510.809553 769.28 643.312919
Strawberry 725.76 597.2247619999999 860.8 682.3600289999999
Strawberry 727.04 354.622479 867.84 485.84522
Strawberry 732.16 453.199869 879.36 544.735529
Strawberry 745.6 504.40847699999995 897.92 619.628528
Strawberry 805.76 328.377521 929.28 437.196496
Strawberry 860.8 503.128535 955.52 640.7523520000001
Strawberry 883.2 388.54845500000005 994.56 492.24629600000003
Strawberry 905.6 650.9946199999999 1013.12 679.799462
Strawberry 912.0 492.24629600000003 1020.8 569.6998619999999
Strawberry 930.56 567.1399779999999 1018.24 653.554504
