Strawberry 451.84 685.4399999999999 490.24 718.08
Strawberry 453.12 638.7202560000001 486.4 663.039744
Strawberry 455.68 663.039744 486.4 690.560256
Strawberry 472.96 612.48 490.24 636.159744
Strawberry 482.56 706.5600000000001 518.4 739.839744
Strawberry 485.76 599.679744 524.16 638.079744
Strawberry 497.92 632.960256 526.72 666.8797440000001
Strawberry 504.32 581.1202559999999 541.44 611.199744
Strawberry 511.36 716.7997439999999 545.92 757.760256
Strawberry 520.96 653.439744 554.24 682.239744
Strawberry 541.44 570.24 576.0 609.920256
Strawberry 547.2 718.08 583.04 755.199744
Strawberry 556.16 643.2 595.84 675.2002560000001
Strawberry 570.88 586.239744 606.08 627.2002560000001
Strawberry 577.28 609.920256 616.96 656.64
Strawberry 585.6 707.199744 610.56 741.12
Strawberry 605.44 692.480256 640.0 717.440256
Strawberry 611.84 625.280256 629.12 645.12
Strawberry 617.6 668.7997439999999 647.68 693.759744
Strawberry 620.16 646.400256 647.68 668.7997439999999
