Strawberry 0.0 117.90425499999999 222.08 465.85137499999996
Strawberry 0.0 290.276285 400.0 684.359525
Strawberry 17.28 0.0 295.04 254.391875
Strawberry 169.6 60.234105 512.0 565.8141099999999
Strawberry 304.64 420.35573000000005 678.4 684.359525
Strawberry 384.64 40.36979 640.64 249.26533499999996
Strawberry 504.32 156.351935 730.24 499.17183
Strawberry 582.4 358.19951499999996 1023.36 684.359525
Strawberry 597.12 0.0 951.04 313.344345
Strawberry 727.04 148.02165 1023.36 499.17183
Strawberry 909.44 98.03994 1023.36 275.537825
