Strawberry 296.373507 123.12371200000001 414.678669 256.0
Strawberry 0.0 141.40928 34.15 264.532992
Strawberry 0.0 551.00928 68.3 680.2288639999999
Strawberry 0.0 396.19072 74.398507 486.4
Strawberry 0.0 472.99072 101.230162 577.828864
Strawberry 6.098507000000001 216.99072 154.89483800000002 325.485568
Strawberry 63.42133100000001 316.95257599999997 151.236007 423.00928
Strawberry 64.64116899999999 572.952576 191.483831 697.294848
Strawberry 86.59483799999998 505.90515199999993 252.466169 622.932992
Strawberry 117.086007 130.438144 298.8125 241.37113599999998
Strawberry 124.403669 425.447424 251.246331 532.723712
Strawberry 140.25883100000001 320.60927999999996 256.125 425.447424
Strawberry 147.576493 597.332992 278.078669 750.932992
Strawberry 221.975 365.714432 347.598507 509.561856
Strawberry 247.5875 318.171136 358.575 423.00928
Strawberry 254.905162 236.494848 345.15883099999996 327.923712
Strawberry 256.125 520.532992 404.92133099999995 657.067008
Strawberry 289.055162 462.01856 432.973507 565.638144
Strawberry 306.13016200000004 274.285568 459.805162 393.752576
Strawberry 329.303669 610.743296 476.880162 715.58144
Strawberry 362.23383099999995 216.99072 478.09999999999997 305.98143999999996
Strawberry 396.383831 405.943296 536.642662 513.2185599999999
Strawberry 431.753669 301.105152 596.4051619999999 425.447424
