Strawberry 530.432 478.208 668.672 592.896
Strawberry 172.032 223.232 227.328 301.056
Strawberry 216.064 210.944 301.056 310.272
Strawberry 273.408 416.768 344.064 542.72
Strawberry 286.72 237.568 360.448 315.392
Strawberry 322.56 464.896 418.816 576.512
Strawberry 347.136 223.232 450.56 305.152
Strawberry 406.528 453.632 546.816 593.92
Strawberry 443.392 230.4 514.048 285.696
Strawberry 659.456 486.4 752.64 588.8
Strawberry 745.472 455.68 859.136 590.848
Strawberry 839.68 448.512 934.912 573.44
Strawberry 910.336 457.728 959.488 560.128
Strawberry 917.504 427.008 965.632 493.568
