Strawberry 227.84 229.12032 271.36 308.480128
Strawberry 229.12 321.280256 275.2 378.88012799999996
Strawberry 244.48 396.7997439999999 296.96 486.399936
Strawberry 244.48 131.840192 323.84 225.28
Strawberry 252.16 252.160128 309.76 358.400064
Strawberry 264.96 362.23968 330.24 458.23993599999994
Strawberry 276.48 162.559936 339.2 259.840064
Strawberry 288.0 477.44012799999996 348.16 542.7199360000001
Strawberry 304.64 454.40032 398.08 542.7199360000001
Strawberry 314.88 325.119872 436.48 430.07993600000003
Strawberry 316.16 96.00025600000001 398.08 160.000192
Strawberry 322.56 61.440192 403.2 119.04006400000002
Strawberry 326.4 239.36 412.16 328.96019199999995
Strawberry 341.76 542.7199360000001 437.76 599.039936
Strawberry 360.96 142.079872 451.84 241.919744
Strawberry 400.64 392.96012799999994 518.4 514.559936
Strawberry 401.92 510.7203200000001 503.04 593.919744
Strawberry 405.76 42.239999999999995 517.12 96.00025600000001
Strawberry 437.76 84.47999999999999 535.04 186.88031999999998
Strawberry 439.04 564.479872 556.8 624.640192
Strawberry 441.6 158.72032000000002 578.56 366.08000000000004
Strawberry 505.6 40.960128000000005 564.48 66.55968
Strawberry 505.6 512.000192 608.0 596.480192
Strawberry 517.12 387.83993599999997 637.44 522.239872
Strawberry 529.92 58.879744 641.28 115.19974400000001
Strawberry 550.4 107.519808 657.92 221.43967999999998
Strawberry 570.88 541.440064 666.88 616.960256
Strawberry 613.12 326.399744 723.2 433.920256
Strawberry 613.12 209.920128 725.76 330.24006399999996
Strawberry 629.76 437.759872 736.0 561.920128
Strawberry 641.28 83.20012799999999 686.08 108.79968000000001
Strawberry 643.84 106.23993599999999 734.72 197.12
Strawberry 680.96 115.19974400000001 743.68 184.319872
Strawberry 718.08 181.760128 787.2 303.359936
Strawberry 720.64 317.439936 769.28 437.759872
Strawberry 729.6 400.640064 768.0 481.279744
Strawberry 755.2 305.91967999999997 791.04 386.560064
Strawberry 840.96 550.399872 936.96 689.92
Strawberry 904.96 659.200256 974.08 702.720128
Strawberry 910.08 543.999808 999.68 627.1999360000001
Strawberry 940.8 595.2003199999999 1022.72 682.2400640000001
Strawberry 972.8 684.799808 1022.72 702.720128
