Strawberry 42.041344 506.61497599999996 257.251328 762.925944
Strawberry 64.062464 207.251656 195.190784 397.48276799999996
Strawberry 161.15712 214.259776 310.30272 456.55368
Strawberry 220.215296 53.064775999999995 316.30848 306.37144
Strawberry 296.28927999999996 103.12524799999998 460.449792 355.431576
Strawberry 304.29696 283.343936 398.389248 477.579688
Strawberry 408.398848 224.2722 546.533376 467.56726399999997
Strawberry 422.412288 53.064775999999995 503.491584 231.28032000000005
Strawberry 523.510784 161.195824 674.6593280000001 430.522696
Strawberry 570.55744 444.53975999999994 865.8452480000001 645.783632
