Strawberry 709.76 237.063836 991.36 473.48701800000003
Strawberry 373.12 362.643631 431.36 545.246413
Strawberry 411.52 77.525964 540.16 244.11171300000004
Strawberry 431.36 347.90722300000004 616.32 606.755344
Strawberry 482.56 189.010005 588.8 341.5
Strawberry 510.08 266.536652 731.52 501.67852600000003
Strawberry 544.0 112.765349 741.76 281.27306
Strawberry 636.8 559.3421669999999 827.52 659.293753
Strawberry 642.56 409.415471 899.2 590.737628
Strawberry 706.56 137.753587 781.44 199.261835
Strawberry 728.96 157.615227 949.12 303.057345
Strawberry 746.24 627.898975 1023.36 682.3593460000001
Strawberry 782.72 111.484041 890.24 177.47755
Strawberry 782.72 0.0 910.08 127.50175699999998
Strawberry 826.24 212.71693499999998 1023.36 372.894778
Strawberry 881.28 86.496486 1023.36 244.11171300000004
Strawberry 940.16 347.90722300000004 1023.36 460.672572
Strawberry 949.12 452.984041 1023.36 514.492289
