Strawberry 462.72 106.23974399999999 985.6 441.59999999999997
Strawberry 0.0 629.76 24.96 700.160256
Strawberry 0.0 369.279744 280.32 643.2
Strawberry 0.0 0.0 287.36 170.88
Strawberry 168.32 492.159744 430.08 747.519744
Strawberry 185.6 185.600256 494.72 475.520256
Strawberry 276.48 0.0 735.36 270.080256
Strawberry 362.24 577.280256 574.08 767.360256
Strawberry 368.0 376.32 591.36 593.28
Strawberry 471.04 416.00025600000004 679.68 614.4000000000001
Strawberry 519.68 644.480256 699.52 767.360256
Strawberry 579.2 479.36025600000005 846.72 682.880256
Strawberry 691.84 582.399744 906.24 753.2797439999999
Strawberry 705.28 293.76 1023.36 538.880256
Strawberry 725.12 675.2002560000001 943.36 767.360256
Strawberry 816.0 402.56025600000004 1020.16 635.52
Strawberry 886.4 573.440256 1023.36 730.239744
