Strawberry 399.36 12.800255999999997 629.12 193.92000000000002
Strawberry 0.0 321.920256 132.48 546.560256
Strawberry 71.68 421.11974399999997 342.4 639.36
Strawberry 272.64 403.839744 432.64 567.680256
Strawberry 284.16 556.160256 517.12 767.360256
Strawberry 317.44 274.56 584.32 607.359744
Strawberry 469.76 541.4399999999999 809.6 764.7997439999999
Strawberry 600.32 62.72025599999999 780.16 183.03974399999998
Strawberry 739.2 476.799744 1006.72 743.679744
Strawberry 881.92 202.88025599999997 1023.36 479.36025600000005
