Strawberry 229.76 305.28000000000003 402.56 470.40000000000003
Strawberry 231.68 217.599744 373.12 313.599744
Strawberry 380.8 202.88025599999997 481.28 330.87974399999996
Strawberry 571.52 163.2 726.4 273.920256
Strawberry 611.2 190.719744 807.04 279.680256
Strawberry 629.76 578.559744 783.36 742.400256
Strawberry 681.6 504.320256 895.36 759.680256
Strawberry 696.96 230.39999999999998 912.64 386.559744
Strawberry 746.24 510.72 906.24 625.92
Strawberry 776.32 369.279744 892.8 489.59999999999997
Strawberry 805.76 398.72025600000006 948.48 582.399744
