Strawberry 264.96 380.15999999999997 421.12 506.88
Strawberry 313.6 202.23974399999997 416.0 298.239744
Strawberry 341.76 252.159744 448.0 353.28000000000003
Strawberry 416.0 192.0 541.44 304.640256
Strawberry 462.08 288.0 546.56 364.79999999999995
Strawberry 494.08 188.16 549.12 229.11974400000003
Strawberry 505.6 403.20000000000005 591.36 481.280256
Strawberry 524.8 510.72 627.2 590.079744
Strawberry 529.92 245.76 613.12 335.36025600000005
Strawberry 538.88 445.43999999999994 670.72 560.64
Strawberry 544.0 213.759744 616.96 266.240256
Strawberry 546.56 163.839744 616.96 220.160256
Strawberry 576.0 375.03974400000004 657.92 451.839744
Strawberry 609.28 192.0 674.56 249.60000000000002
Strawberry 628.48 230.39999999999998 701.44 308.480256
Strawberry 637.44 148.479744 725.76 206.079744
Strawberry 669.44 175.35974399999998 769.28 259.839744
Strawberry 695.04 258.560256 769.28 343.040256
