Strawberry 141.44 480.0 222.08 562.5600000000001
Strawberry 91.52 337.92 178.56 422.40000000000003
Strawberry 97.92 398.72025600000006 202.24 496.640256
Strawberry 158.72 273.920256 222.08 339.200256
Strawberry 183.68 526.719744 282.88 606.080256
Strawberry 197.12 226.56 239.36 289.92
Strawberry 218.24 243.84 608.64 549.12
Strawberry 240.64 217.599744 282.88 246.399744
Strawberry 373.12 598.400256 455.04 698.88
Strawberry 440.32 625.92 520.96 701.439744
Strawberry 509.44 615.680256 580.48 700.160256
Strawberry 530.56 579.84 622.08 666.8797440000001
Strawberry 574.08 353.28000000000003 604.8 389.120256
Strawberry 597.76 408.96 643.2 474.24
Strawberry 611.2 385.280256 625.92 423.680256
Strawberry 702.72 240.0 951.04 478.08000000000004
