Strawberry 277.600256 471.88486800000004 404.799488 607.8519719999999
Strawberry 136.80025600000002 362.311677 305.60051200000004 483.0822359999999
Strawberry 162.400256 281.53125 268.8 361.51151400000003
Strawberry 217.6 176.75657999999999 332.000256 255.9375
Strawberry 234.399744 429.49506600000007 329.6 545.467104
Strawberry 284.000256 108.77302799999998 383.200256 213.54769800000003
Strawberry 404.799488 461.487663 531.2 615.050163
Strawberry 454.4 104.77466999999999 555.200512 242.340462
Strawberry 519.999488 400.702302 647.199744 543.8667780000001
Strawberry 547.9997440000001 187.953948 695.199744 299.126646
Strawberry 551.199744 291.928455 696.800256 402.30180899999993
