Strawberry 452.26700800000003 189.155328 568.889344 267.377664
Strawberry 308.62233599999996 150.755328 378.310656 197.688576
Strawberry 327.110656 128.000256 406.75532799999996 211.911168
Strawberry 331.37766400000004 199.110912 415.28934399999997 325.68883199999993
Strawberry 371.2 214.75584000000003 448.0 332.799744
Strawberry 374.04467200000005 108.089088 428.08934400000004 204.800256
Strawberry 445.15532800000005 92.44416000000001 463.64467199999996 128.000256
Strawberry 469.332992 246.04415999999998 531.9106559999999 355.555584
Strawberry 513.4223360000001 95.288832 541.867008 119.46700799999999
Strawberry 536.1776639999999 238.93324800000002 594.4893440000001 358.400256
Strawberry 574.5776639999999 176.35584000000003 645.689344 257.42208
Strawberry 601.6 91.022592 658.4893440000001 200.53324800000001
Strawberry 624.355328 243.20025600000002 706.844672 342.755328
Strawberry 631.467008 126.57792 699.732992 207.64416
Strawberry 665.6 207.64416 735.289344 328.533504
Strawberry 674.132992 152.177664 768.0 224.711424
