Strawberry 0.0 392.96025599999996 223.36 767.360256
Strawberry 2.56 169.599744 305.92 556.160256
Strawberry 13.44 0.0 281.6 236.16
Strawberry 136.32 423.680256 596.48 767.360256
Strawberry 223.36 154.880256 419.2 402.56025600000004
Strawberry 289.28 3.84 572.8 280.32
Strawberry 301.44 263.679744 681.6 623.360256
Strawberry 522.88 91.520256 780.8 472.32
Strawberry 580.48 656.64 665.6 767.360256
Strawberry 608.64 459.519744 917.76 766.08
Strawberry 649.6 0.0 931.2 173.43974400000002
Strawberry 685.44 122.240256 1023.36 623.360256
Strawberry 907.52 0.0 1023.36 234.24
Strawberry 922.24 573.440256 1023.36 767.360256
