Strawberry 62.72 437.02162400000003 160.0 521.482403
Strawberry 0.0 396.710834 84.48 506.76574
Strawberry 160.64 0.0 252.8 16.635996
Strawberry 165.76 443.420289 259.84 532.3604
Strawberry 248.96 0.0 312.96 62.066251
Strawberry 253.44 442.14055599999995 384.64 532.3604
Strawberry 290.56 0.0 332.8 16.635996
Strawberry 311.68 0.0 403.84 70.384249
Strawberry 374.4 444.700022 509.44 532.3604
Strawberry 395.52 0.0 492.8 19.195462
Strawberry 504.32 413.34683 618.24 504.20627400000006
Strawberry 599.68 371.756307 719.36 460.696418
Strawberry 685.44 316.088721 803.2 408.22789800000004
Strawberry 758.4 259.78153499999996 889.6 337.204049
Strawberry 791.68 0.0 820.48 56.94731900000001
Strawberry 798.08 211.15221400000001 908.16 283.456329
Strawberry 808.32 55.02745300000001 889.6 107.495973
Strawberry 809.6 102.377041 912.0 175.96035600000002
Strawberry 826.88 158.684227 919.04 230.98780899999997
