Strawberry 510.08 483.96654 595.84 560.78631
Strawberry 0.0 473.723955 46.72 553.7444849999999
Strawberry 16.0 467.961975 117.76 562.7072249999999
Strawberry 32.0 402.02509499999996 79.36 448.11711
Strawberry 44.16 266.309505 80.64 309.841065
Strawberry 85.76 346.97034 146.56 386.6608350000001
Strawberry 151.68 407.78631 187.52 446.83649999999994
Strawberry 572.16 464.121675 655.36 553.7444849999999
Strawberry 597.12 400.744485 640.64 445.55665500000003
Strawberry 638.08 267.59011499999997 669.44 312.40152
Strawberry 660.48 343.13004 725.12 378.339165
Strawberry 711.68 403.30570500000005 743.04 441.7155900000001
