Strawberry 291.84 144.0 385.92 227.840256
Strawberry 37.12 259.20000000000005 116.48 338.55974399999997
Strawberry 66.56 174.08025600000002 163.84 286.719744
Strawberry 97.92 275.199744 197.12 344.96025599999996
Strawberry 137.6 209.91974399999998 231.68 311.679744
Strawberry 162.56 191.360256 193.28 232.32
Strawberry 183.68 336.0 350.72 447.99974399999996
Strawberry 186.88 136.32 308.48 236.79974399999998
Strawberry 287.36 120.320256 348.16 177.279744
Strawberry 352.0 78.08025599999999 493.44 184.959744
Strawberry 364.16 203.52 531.84 337.280256
Strawberry 437.76 156.159744 584.96 286.719744
Strawberry 444.8 43.520255999999996 542.72 159.999744
Strawberry 560.64 147.84 656.0 247.040256
