Strawberry 296.96 565.108736 391.68 672.7488529999999
Strawberry 123.52 0.0 291.84 153.771303
Strawberry 136.96 201.183797 330.88 413.900732
Strawberry 156.16 411.337433 396.8 682.3593460000001
Strawberry 305.92 0.0 449.28 127.50175699999998
Strawberry 344.32 169.148365 560.64 375.45807699999995
Strawberry 425.6 369.050854 690.56 655.449146
Strawberry 585.6 136.471596 823.04 329.96686200000005
Strawberry 670.72 312.66783799999996 935.68 592.65959
Strawberry 739.2 0.0 833.28 68.55612500000001
Strawberry 770.56 115.328648 1006.72 310.10522199999997
Strawberry 908.16 285.11698399999995 1023.36 516.4149339999999
