Strawberry 433.92 221.43974400000002 500.48 293.120064
Strawberry 0.0 106.239744 66.56 221.43974400000002
Strawberry 0.0 254.719872 83.2 440.319744
Strawberry 6.4 0.0 153.6 93.43987200000001
Strawberry 6.4 101.120256 170.24 235.520064
Strawberry 80.64 276.48 212.48 468.479808
Strawberry 113.92 119.040192 281.6 259.83993599999997
Strawberry 213.76 281.60006400000003 345.6 491.519808
Strawberry 232.96 130.560192 398.08 276.48
Strawberry 341.76 303.360192 481.28 520.959744
Strawberry 368.64 142.080192 541.44 303.360192
Strawberry 454.4 33.280128 584.96 149.76
Strawberry 490.24 328.95993599999997 654.08 545.280192
Strawberry 533.76 151.03987199999997 682.24 320.00025600000004
Strawberry 577.28 35.839872 707.84 157.439808
Strawberry 640.0 358.399872 815.36 574.720128
Strawberry 709.12 186.87974400000002 852.48 337.92019200000004
Strawberry 725.76 47.359872 843.52 183.040128
Strawberry 823.04 380.16 976.64 574.720128
Strawberry 855.04 72.960192 967.68 189.440064
Strawberry 864.0 194.56012800000002 1002.24 368.64
