Strawberry 2.56 337.92 83.2 442.23974400000003
Strawberry 39.68 430.08000000000004 101.76 483.200256
Strawberry 62.08 471.03974400000004 202.24 609.920256
Strawberry 69.12 336.63974399999995 186.88 472.32
Strawberry 90.24 611.199744 176.0 696.320256
Strawberry 154.88 571.520256 280.32 690.560256
Strawberry 163.84 438.39974400000006 254.08 568.959744
Strawberry 704.0 70.400256 796.16 188.16
Strawberry 753.92 29.439743999999997 853.12 97.28025600000001
Strawberry 798.72 65.28 924.8 213.12
Strawberry 804.48 283.520256 896.64 398.72025600000006
Strawberry 832.0 396.159744 948.48 509.43974399999996
Strawberry 866.56 207.999744 973.44 350.720256
Strawberry 891.52 340.479744 960.64 411.519744
