Strawberry 596.568 311.325696 723.198 423.853056
Strawberry 0.0 627.340288 65.66000000000001 737.05472
Strawberry 0.9380000000000001 316.95257599999997 64.72200000000001 410.725376
Strawberry 11.256 206.30016 113.49799999999999 298.198016
Strawberry 129.44400000000002 828.952576 244.818 948.043776
Strawberry 181.034 204.42521599999998 271.082 304.761856
Strawberry 204.484 290.696192 304.85 406.03648
Strawberry 214.80200000000002 529.8165759999999 318.92 631.0912
Strawberry 232.624 908.6597119999999 330.176 1016.498176
Strawberry 326.424 316.95257599999997 428.666 441.67065599999995
Strawberry 326.424 177.230848 432.418 300.07296
Strawberry 366.75800000000004 717.362176 469.938 816.761856
Strawberry 520.59 496.99635199999994 630.336 592.64512
Strawberry 711.942 0.0 800.114 26.256384000000004
Strawberry 745.71 602.959872 839.51 705.17248
Strawberry 825.44 263.501824 933.31 381.656064
Strawberry 881.7199999999999 148.161536 937.062 270.065664
