Strawberry 217.6 167.679744 267.52 195.20025600000002
Strawberry 246.4 154.23974399999997 278.4 171.519744
Strawberry 277.12 147.84 302.08 159.35999999999999
Strawberry 293.12 159.35999999999999 334.08 171.519744
Strawberry 299.52 174.08025600000002 327.04 181.76025600000003
Strawberry 304.64 139.520256 320.64 152.96025600000002
Strawberry 335.36 175.35974399999998 359.04 195.20025600000002
Strawberry 336.64 163.839744 365.44 174.08025600000002
Strawberry 371.2 139.520256 397.44 156.80025600000002
Strawberry 403.84 167.679744 446.08 181.76025600000003
Strawberry 413.44 158.079744 455.68 171.519744
Strawberry 544.0 359.04 584.96 391.040256
Strawberry 565.12 337.92 598.4 363.519744
Strawberry 568.96 396.159744 603.52 420.48
Strawberry 595.84 359.04 648.96 389.120256
Strawberry 597.12 331.520256 624.64 346.239744
Strawberry 606.08 381.44025600000003 645.76 407.679744
Strawberry 614.4 337.92 648.96 359.04
Strawberry 614.4 406.400256 652.8 434.559744
Strawberry 629.12 203.52 688.64 245.76
Strawberry 630.4 192.63974399999998 685.44 218.88
Strawberry 651.52 315.519744 701.44 332.799744
Strawberry 654.08 386.559744 711.04 417.27974399999994
Strawberry 656.64 359.04 706.56 383.36025600000005
Strawberry 659.2 335.36025600000005 706.56 360.320256
Strawberry 659.2 417.27974399999994 706.56 438.39974400000006
Strawberry 660.48 174.08025600000002 706.56 204.800256
Strawberry 684.16 227.199744 743.68 265.599744
Strawberry 688.64 188.799744 706.56 221.43974400000002
Strawberry 696.32 197.76 720.0 224.64
Strawberry 712.32 328.32 730.88 340.479744
Strawberry 714.88 336.63974399999995 754.56 357.759744
Strawberry 714.88 386.559744 754.56 405.12
Strawberry 716.16 356.480256 763.52 384.0
Strawberry 717.44 179.19974399999998 734.72 195.20025600000002
Strawberry 722.56 410.24025600000004 757.12 428.799744
Strawberry 728.32 207.36 748.16 232.32
Strawberry 728.32 224.64 785.92 255.999744
Strawberry 733.44 176.64000000000001 780.8 206.079744
Strawberry 734.72 195.20025600000002 750.72 211.20000000000002
Strawberry 743.68 196.47974399999998 810.24 233.600256
Strawberry 746.24 328.32 773.12 346.880256
Strawberry 764.8 399.99974399999996 795.52 418.56000000000006
Strawberry 768.0 344.319744 804.48 362.88
Strawberry 783.36 360.320256 824.32 386.559744
Strawberry 787.84 385.280256 827.52 406.400256
