Strawberry 776.32 452.40479999999997 872.32 521.6112
Strawberry 520.96 478.67760000000004 636.8 578.0016
Strawberry 540.16 390.888 656.0 489.5712
Strawberry 632.32 544.6800000000001 752.0 652.3344
Strawberry 650.24 305.0208 755.2 393.45120000000003
Strawberry 653.44 367.17839999999995 766.08 465.2208
Strawberry 657.28 458.17199999999997 768.64 546.6024
Strawberry 767.36 353.72159999999997 885.76 447.27840000000003
Strawberry 773.12 513.2808 899.2 613.8864
Strawberry 778.24 601.7112 912.0 719.6184
Strawberry 883.2 396.0144 994.56 485.7264
Strawberry 892.8 458.17199999999997 1018.88 572.2344
