Strawberry 442.24 395.623575 586.88 546.7026599999999
Strawberry 52.48 624.80304 135.04 747.71559
Strawberry 60.8 177.96654 137.6 262.46844
Strawberry 64.64 141.47680499999998 99.2 213.81597000000002
Strawberry 105.6 234.94144500000002 163.84 299.59848000000005
Strawberry 106.88 0.0 186.24 100.50646499999999
Strawberry 124.16 452.59847999999994 172.8 531.339165
Strawberry 173.44 465.40152 248.32 520.456275
Strawberry 220.16 220.21749 298.24 283.59391500000004
Strawberry 259.84 664.4935350000001 406.4 764.359695
Strawberry 368.0 428.91178499999995 464.0 515.3346
Strawberry 396.8 195.25095000000002 478.72 328.406085
Strawberry 456.32 181.16729999999998 520.96 284.87452499999995
Strawberry 460.16 536.4600750000001 627.2 725.309505
Strawberry 561.28 416.74904999999995 732.8 568.46844
Strawberry 609.28 19.844865000000002 710.4 125.473005
Strawberry 701.44 466.68213 862.08 569.7490499999999
Strawberry 723.84 112.66919999999999 848.64 273.35132999999996
Strawberry 826.24 535.1802299999999 1016.32 741.954375
Strawberry 831.36 80.660835 975.36 204.85323000000002
Strawberry 852.48 177.96654 981.76 338.00836499999997
