Strawberry 582.4 17.939678 672.64 98.02894099999999
Strawberry 350.08 77.525964 402.56 174.914934
Strawberry 382.72 74.963348 473.6 140.956857
Strawberry 407.68 139.675549 465.28 227.45334300000002
Strawberry 449.92 294.72815999999995 519.04 363.924939
Strawberry 458.88 106.358126 507.52 203.746413
Strawberry 476.16 282.554368 561.28 377.38003899999995
Strawberry 488.96 248.596291 549.76 312.66783799999996
Strawberry 544.0 268.458614 603.52 368.4102
Strawberry 577.28 268.458614 648.96 363.924939
Strawberry 580.48 461.31322600000004 656.64 552.29429
Strawberry 610.56 457.469302 689.28 532.43265
Strawberry 624.0 432.481064 684.16 497.193265
Strawberry 624.0 534.3546120000001 718.72 584.330405
Strawberry 659.84 469.00175700000005 723.84 555.498243
Strawberry 693.76 490.78604199999995 771.2 568.312689
Strawberry 757.76 267.81795999999997 1023.36 577.923182
