Strawberry 667.608064 624.104448 804.810752 734.53568
Strawberry 120.470528 759.63392 212.49638399999998 906.8759039999999
Strawberry 168.99379199999998 721.149952 317.908992 838.274048
Strawberry 179.033088 928.627712 294.483968 1022.326784
Strawberry 227.55532799999997 664.2616320000001 359.73836800000004 754.614272
Strawberry 252.653568 801.46432 408.26163199999996 945.3598720000001
Strawberry 264.36607999999995 903.529472 515.346432 1022.326784
Strawberry 289.46432000000004 612.391936 389.85625600000003 662.588416
Strawberry 344.67942400000004 537.09824 501.960704 634.1437440000001
Strawberry 371.45088 751.2678400000001 525.385728 880.104448
Strawberry 378.14374399999997 679.320576 506.980352 746.248192
Strawberry 391.529472 568.889344 537.09824 670.954496
Strawberry 398.222336 435.03308799999996 506.980352 517.0196480000001
Strawberry 419.974144 307.869696 470.1696 445.072384
Strawberry 478.53567999999996 388.18304 615.7383679999999 440.05273600000004
Strawberry 485.22854400000006 612.391936 607.372288 716.130304
Strawberry 512.0 834.9276160000001 680.993792 998.90176
Strawberry 515.346432 443.399168 619.0848 518.692864
Strawberry 520.36608 709.43744 652.54912 829.908992
Strawberry 522.039296 518.692864 637.490176 652.54912
Strawberry 537.09824 811.503616 647.5294719999999 921.934848
Strawberry 624.104448 461.80352 704.417792 527.058944
Strawberry 649.202688 918.588416 739.555328 1022.326784
Strawberry 652.54912 776.36608 821.542912 920.2616320000001
Strawberry 726.1696 942.0134400000001 868.391936 1022.326784
Strawberry 731.189248 841.62048 853.332992 947.0330880000001
Strawberry 819.869696 729.516032 916.9152 875.0848
