Strawberry 387.84 254.720256 494.08 332.799744
Strawberry 204.16 161.91974399999998 316.8 236.79974399999998
Strawberry 217.6 202.88025599999997 320.64 316.160256
Strawberry 274.56 224.000256 406.4 345.6
Strawberry 298.24 135.03974399999998 344.32 173.43974400000002
Strawberry 334.08 66.560256 661.76 184.32
Strawberry 517.76 266.240256 644.48 380.15999999999997
Strawberry 652.8 236.79974399999998 771.84 341.76
Strawberry 695.04 207.999744 780.8 287.36025600000005
Strawberry 700.16 174.72 783.36 254.079744
