Strawberry 100.303872 374.80654999999996 180.39808 474.30553
Strawberry 9.731072 185.53302999999997 95.812608 389.76851000000005
Strawberry 75.60191999999999 216.205465 169.16992 301.491
Strawberry 80.841728 279.047365 174.409728 386.02801999999997
Strawberry 86.83008000000001 178.79987 142.97088 226.67911500000002
Strawberry 145.965056 176.55571500000002 219.32134399999998 272.314205
Strawberry 163.181568 100.247495 303.906816 197.503015
Strawberry 168.421376 276.05469500000004 231.298048 323.934635
Strawberry 186.386432 353.85925 244.77184 434.65578
Strawberry 196.11648 31.42095 289.68448 122.69113
Strawberry 199.8592 169.822555 279.953408 296.254175
Strawberry 201.35628799999998 374.058035 298.667008 493.756495
Strawberry 203.60192 305.23148999999995 291.930112 389.76851000000005
Strawberry 206.596096 235.65643 335.34463999999997 344.881935
Strawberry 220.81843199999997 433.159445 330.104832 530.41427
Strawberry 231.298048 124.93528500000001 333.099008 177.303535
Strawberry 270.97087999999997 148.875255 348.818432 240.893255
Strawberry 273.216512 452.61041 404.959232 611.959315
Strawberry 282.947584 244.633745 368.280576 347.87391
Strawberry 285.193216 10.47365 386.994176 74.811885
Strawberry 291.930112 50.124095000000004 388.491264 163.089395
Strawberry 303.906816 341.14075 361.54368 409.219475
Strawberry 315.88352000000003 365.82854000000003 410.19903999999997 457.09872
Strawberry 348.818432 204.983995 434.15244800000005 311.96465
Strawberry 351.06406400000003 67.33021 439.392256 180.29620500000001
Strawberry 354.05824 151.11941000000002 455.11065599999995 232.66445499999998
Strawberry 357.80096000000003 299.994665 449.122304 380.79119499999996
Strawberry 366.783488 616.447625 442.386432 679.2895250000001
Strawberry 375.017472 466.07673000000005 482.05824 594.0039899999999
Strawberry 383.251456 8.977314999999999 442.386432 67.33021
Strawberry 394.479616 407.72314000000006 489.54368 479.54235500000004
Strawberry 399.719424 355.35489 488.046592 435.40360000000004
Strawberry 419.930112 43.390935 467.08736 124.93528500000001
Strawberry 440.88934400000005 243.138105 541.9417599999999 358.34756
Strawberry 442.386432 435.40360000000004 629.520384 537.14743
Strawberry 443.134976 56.85656 547.930112 152.61574499999998
Strawberry 446.129152 629.1661250000001 512.0 677.79319
Strawberry 447.62624000000005 5.236825 548.6786559999999 52.36825
Strawberry 463.34464 543.88059 505.263104 592.50835
Strawberry 480.56115199999994 391.264845 551.6728320000001 457.09872
Strawberry 488.046592 556.598395 555.4155519999999 627.66979
Strawberry 517.239808 219.945955 633.263104 318.69781
Strawberry 525.473792 121.194795 622.783488 185.53302999999997
Strawberry 526.222336 625.42494 607.0640639999999 694.25218
Strawberry 526.222336 393.509 642.245632 490.016005
Strawberry 527.719424 29.176795 626.526208 124.93528500000001
Strawberry 539.696128 183.28817999999998 631.766016 223.686445
Strawberry 546.433024 492.26016000000004 664.701952 591.012015
Strawberry 586.853376 287.27685999999994 679.6728320000001 389.76851000000005
Strawberry 597.332992 145.882585 657.965056 235.65643
Strawberry 613.8009599999999 55.36091999999999 708.11648 144.38625
Strawberry 613.8009599999999 620.1881149999999 714.853376 672.556365
Strawberry 625.02912 424.18213000000003 787.4621440000001 561.83522
Strawberry 638.502912 204.983995 735.812608 282.04003500000005
Strawberry 657.216512 272.314205 723.835904 348.62242499999996
Strawberry 659.4621440000001 103.98798500000001 770.245632 193.76183
Strawberry 684.91264 576.797875 749.2864 646.37224
Strawberry 701.380608 367.324875 794.947584 435.40360000000004
Strawberry 712.607744 260.34422 829.380608 364.3329
Strawberry 732.069888 189.27352000000002 794.947584 258.10006500000003
Strawberry 762.011648 443.633095 858.5728 510.96330499999993
Strawberry 765.0058240000001 243.138105 870.549504 346.37757500000004
Strawberry 766.502912 360.591715 901.988352 448.86992
Strawberry 770.245632 123.43894999999999 884.77184 216.95398
Strawberry 839.8592 270.07005 895.2514560000001 344.881935
Strawberry 848.093184 181.79253999999997 937.1699199999999 279.047365
Strawberry 853.332992 302.987335 948.39808 413.70848
Strawberry 863.812608 143.63842999999997 905.731072 219.945955
Strawberry 893.0058240000001 246.13008000000002 964.8650240000001 313.460985
