Strawberry 192.0 303.000156 378.000384 461.00009399999993
Strawberry 0.0 313.999626 24.000512 342.99982200000005
Strawberry 0.0 113.000028 30.000128000000004 151.99995
Strawberry 0.0 47.999903999999994 65.999872 101.999796
Strawberry 0.0 207.000348 72.999936 282.000198
Strawberry 0.0 130.99999200000002 108.99968 188.999622
Strawberry 0.0 219.000324 170.999808 301.99965
Strawberry 0.0 294.00017399999996 184.99993600000002 482.00005200000004
Strawberry 5.000192 148.99995600000003 158.999552 211.000086
Strawberry 17.999872 95.99980799999999 99.99974399999999 121.00026600000001
Strawberry 44.99968 113.999772 149.000192 160.00018799999998
Strawberry 56.999936 45.999654 138.999808 85.000338
Strawberry 76.99968 167.99966399999997 209.000448 231.00029999999998
Strawberry 99.99974399999999 68.999862 168.99993600000002 106.00029599999999
Strawberry 112.0 94.00032 179.999744 139.999974
Strawberry 156.000256 86.00008199999999 289.99987200000004 170.999658
Strawberry 170.999808 220.999812 302.999552 326.00036400000005
Strawberry 174.999552 56.000142000000004 238.999552 104.99979
Strawberry 206.999552 166.99992 318.999552 235.999782
Strawberry 295.000064 214.00008000000003 446.99955199999994 304.999644
Strawberry 304.0 94.00032 419.00032000000004 151.000206
Strawberry 318.00012799999996 154.999944 426.000384 202.999848
Strawberry 346.000384 271.99971 558.000128 434.000148
Strawberry 355.00032000000004 125.999748 474.000384 172.00016399999998
Strawberry 410.99980800000003 196.000116 584.999936 267.000228
Strawberry 417.000448 71.000112 513.000448 113.000028
Strawberry 437.00019199999997 92.00007 552.999936 148.99995600000003
Strawberry 455.00006399999995 157.999938 656.0 234.000294
Strawberry 458.000384 265.99972199999996 700.0002559999999 378.00000600000004
Strawberry 462.000128 112.00028400000001 597.000192 166.99992
Strawberry 483.00032000000004 142.999968 654.000128 187.000134
Strawberry 565.000192 65.000124 696.999936 122.99975400000001
Strawberry 576.0 226.9998 794.999808 330.999846
Strawberry 593.000448 97.00031399999999 737.000448 145.00021800000002
Strawberry 632.999936 122.99975400000001 791.000064 175.99990200000002
Strawberry 641.000448 175.99990200000002 867.999744 246.00027
Strawberry 645.000192 214.99982400000002 849.9998720000001 297.000168
Strawberry 691.00032 151.000206 851.0003199999999 207.000348
