Strawberry 237.44 162.674352 347.52 260.0226
Strawberry 255.36 249.775596 346.24 333.674352
Strawberry 325.12 102.472092 405.12 182.528136
Strawberry 397.44 315.10101599999996 506.24 426.53898
Strawberry 407.68 63.404748 486.4 144.74124
Strawberry 468.48 160.112088 573.44 256.179888
Strawberry 536.32 78.77559600000001 620.16 152.42666400000002
Strawberry 608.64 291.40452 713.6 391.31434800000005
Strawberry 624.0 110.157516 714.88 204.94349999999997
Strawberry 679.68 204.94349999999997 771.2 299.73016800000005
