Banana 0.0 494.36252400000006 135.617536 653.141952
Banana 0.0 290.95282799999995 143.342592 437.71631399999995
Banana 0.0 83.25223799999999 149.351424 219.71653199999997
Banana 176.818176 454.881852 355.352576 576.7560599999999
Banana 183.68511999999998 288.37802999999997 364.79488 411.110286
Banana 193.98451200000002 100.417122 364.79488 235.16532
Banana 228.318208 0.0 367.369216 56.645556
Banana 281.535488 613.66128 350.20288 653.141952
Banana 376.81152000000003 559.5905220000001 494.40358399999997 653.141952
Banana 381.96121600000004 429.99192000000005 497.83705599999996 521.8266
Banana 387.111936 290.95282799999995 504.704 384.50425800000005
Banana 393.97785600000003 137.322996 508.995584 242.031666
Banana 401.702912 0.0 515.862528 103.85062200000002
Banana 511.57094400000005 0.0 1023.1418880000001 653.141952
