Strawberry 0.0 0.0 137.6 281.860902
Strawberry 0.0 777.037743 215.04 908.359155
Strawberry 0.0 242.78390099999996 297.6 518.8799250000001
Strawberry 0.0 414.463095 298.88 822.5204669999999
Strawberry 84.48 0.0 422.4 250.471314
Strawberry 225.92 436.242735 515.2 772.5536460000001
Strawberry 305.28 188.33389200000002 557.44 451.617561
Strawberry 413.44 1.921626 718.08 244.706436
Strawberry 495.36 381.7927260000001 828.16 708.4945980000001
Strawberry 507.52 694.401462 851.84 903.235122
Strawberry 585.6 163.350936 864.0 440.72683199999994
Strawberry 718.08 0.0 1004.16 261.361134
Strawberry 792.32 574.610715 1023.36 908.359155
Strawberry 846.72 277.375896 1023.36 573.329934
Strawberry 895.36 39.076091999999996 1023.36 343.99832399999997
Strawberry 972.8 671.340132 1023.36 908.359155
