Strawberry 206.08 437.120256 312.32 540.159744
Strawberry 0.0 181.119744 26.88 233.600256
Strawberry 0.0 138.879744 50.56 177.279744
Strawberry 32.0 177.279744 74.24 229.76025600000003
Strawberry 40.96 141.440256 90.24 179.840256
Strawberry 69.12 190.07999999999998 94.08 212.480256
Strawberry 69.12 166.400256 101.76 198.399744
Strawberry 218.88 293.76 286.08 357.759744
Strawberry 226.56 411.519744 293.12 449.91974400000004
Strawberry 232.32 242.55974399999997 284.8 300.800256
Strawberry 274.56 213.12 320.64 247.68
Strawberry 275.84 431.36025600000005 355.2 489.59999999999997
Strawberry 294.4 474.879744 381.44 534.399744
Strawberry 316.8 282.24 401.28 348.159744
Strawberry 318.08 258.560256 375.04 289.92
Strawberry 320.64 213.12 410.88 275.199744
Strawberry 377.6 183.680256 441.6 241.92000000000002
Strawberry 381.44 298.239744 455.68 394.23974400000003
Strawberry 387.2 240.63974399999998 482.56 306.560256
Strawberry 401.28 392.96025599999996 474.24 438.39974400000006
Strawberry 401.28 333.44025600000003 496.64 392.96025599999996
Strawberry 425.6 165.12 482.56 209.91974399999998
Strawberry 446.72 211.20000000000002 502.4 273.920256
Strawberry 454.4 275.199744 549.76 362.240256
Strawberry 460.16 145.280256 551.04 194.55974399999997
Strawberry 475.52 173.43974400000002 560.64 256.640256
Strawberry 478.08 382.719744 526.72 469.76025599999997
Strawberry 495.36 244.47974399999998 559.36 300.159744
Strawberry 523.52 265.599744 567.04 327.680256
Strawberry 526.08 141.440256 579.2 188.799744
Strawberry 552.32 147.84 638.72 187.520256
Strawberry 553.6 225.920256 599.04 310.400256
Strawberry 558.72 378.87974399999996 600.96 443.52
Strawberry 593.28 232.959744 675.2 305.28000000000003
Strawberry 626.56 176.000256 683.52 235.52025600000002
Strawberry 640.0 187.520256 746.88 243.20025600000002
Strawberry 641.92 302.079744 753.28 374.4
Strawberry 650.24 236.79974399999998 723.2 290.55974399999997
Strawberry 696.32 261.12 789.12 340.479744
Strawberry 732.16 513.2797439999999 839.04 604.8
Strawberry 739.84 211.839744 770.56 242.55974399999997
Strawberry 759.68 238.719744 820.48 287.36025600000005
Strawberry 775.68 478.08000000000004 877.44 560.000256
Strawberry 798.08 401.28 864.0 480.63974399999995
Strawberry 821.76 414.08025599999996 906.88 529.280256
