Strawberry 0.0 393.78528000000006 56.96 452.693
Strawberry 0.0 170.96015999999997 85.76 318.87036
Strawberry 0.0 240.11276 135.68 412.35404
Strawberry 0.0 366.25208000000003 223.36 679.35944
Strawberry 0.0 0.0 1023.36 679.35944
Strawberry 54.4 0.0 330.88 152.3914
Strawberry 87.68 187.6086 309.12 384.18096
Strawberry 97.28 488.55008000000004 391.04 679.35944
Strawberry 153.6 57.62728 327.04 179.92459999999997
Strawberry 200.96 363.6912 429.44 643.50304
Strawberry 257.28 36.49696 501.76 366.25208000000003
Strawberry 370.56 163.91740000000001 673.28 434.76480000000004
Strawberry 387.2 39.6984 573.44 201.05492
Strawberry 421.76 348.96443999999997 665.6 679.35944
Strawberry 503.04 561.544 851.84 679.35944
Strawberry 544.64 0.0 659.2 80.03736
Strawberry 583.04 83.87936 796.8 254.8402
Strawberry 644.48 271.48796 1008.0 622.3727200000001
Strawberry 663.04 13.44632 835.84 145.98852
Strawberry 672.0 154.95296 940.8 287.49516
Strawberry 688.0 270.20684 779.52 391.2244
Strawberry 699.52 194.01148000000003 969.6 380.97952
Strawberry 824.32 5.12244 1006.72 108.851
Strawberry 874.24 518.6441599999999 1023.36 679.35944
Strawberry 935.68 85.15979999999999 1023.36 222.18456000000003
Strawberry 959.36 190.16948 1023.36 376.49696000000006
Strawberry 993.28 384.82084 1023.36 517.36372
