Strawberry 51.2 384.0 96.0 435.2
Strawberry 84.800512 425.6 152.00051200000001 481.60051200000004
Strawberry 92.8 356.799488 166.4 425.6
Strawberry 134.4 398.39948799999996 211.2 452.799488
Strawberry 160.0 448.0 196.800512 481.60051200000004
Strawberry 305.60051200000004 625.599488 391.999488 707.2
Strawberry 320.0 707.2 390.4 775.999488
Strawberry 336.0 585.6 435.2 652.8
Strawberry 340.799488 551.999488 446.39948799999996 625.599488
Strawberry 371.2 636.8 464.0 734.400512
Strawberry 379.200512 718.400512 455.999488 796.8
