Strawberry 3.346432 127.16339199999999 43.503616 152.26163200000002
Strawberry 23.425024 476.862464 88.679424 510.326784
Strawberry 28.444671999999997 445.072384 110.43123200000001 490.248192
Strawberry 95.372288 232.57497599999996 150.588416 264.36607999999995
Strawberry 98.71871999999999 155.60806399999998 145.568768 177.359872
Strawberry 100.391936 135.529472 148.9152 163.974144
Strawberry 113.77766399999999 220.86246400000002 162.300928 247.63392000000002
Strawberry 117.124096 321.255424 158.954496 359.73836800000004
Strawberry 123.81696000000001 344.67942400000004 170.667008 378.14374399999997
Strawberry 152.26163200000002 299.503616 200.783872 339.65977599999997
Strawberry 163.974144 214.1696 200.783872 234.248192
Strawberry 172.340224 409.934848 232.57497599999996 445.072384
Strawberry 214.1696 481.882112 287.791104 525.385728
Strawberry 215.84281600000003 389.85625600000003 261.019648 430.01344000000006
Strawberry 220.86246400000002 498.61427199999997 299.503616 568.889344
Strawberry 232.57497599999996 399.895552 287.791104 443.399168
Strawberry 235.921408 148.9152 281.09824 179.033088
Strawberry 244.287488 160.627712 291.137536 199.110656
Strawberry 287.791104 254.32678399999998 334.640128 291.137536
Strawberry 306.19648 286.117888 351.37228799999997 314.56256
Strawberry 316.235776 267.712512 381.49017599999996 297.8304
Strawberry 339.65977599999997 158.954496 386.50982400000004 179.033088
Strawberry 339.65977599999997 361.411584 416.62771200000003 399.895552
Strawberry 341.332992 175.686656 393.20268799999997 207.47673600000002
Strawberry 351.37228799999997 413.28128 418.300928 458.457088
Strawberry 363.0848 485.22854400000006 428.34022400000003 540.444672
Strawberry 368.104448 147.241984 419.974144 167.320576
Strawberry 373.124096 513.673216 445.072384 580.6008320000001
Strawberry 408.26163199999996 470.1696 471.842816 522.039296
Strawberry 461.80352 190.7456 523.7125120000001 219.189248
Strawberry 465.1499519999999 210.823168 525.385728 234.248192
Strawberry 512.0 309.542912 585.6204799999999 344.67942400000004
Strawberry 527.058944 292.810752 587.293696 316.235776
Strawberry 548.810752 597.332992 637.490176 647.5294719999999
Strawberry 555.503616 565.542912 622.431232 607.372288
Strawberry 567.216128 165.64736000000002 605.699072 197.43743999999998
Strawberry 575.582208 416.62771200000003 629.124096 460.130304
Strawberry 578.9276160000001 289.46432000000004 619.0848 312.889344
Strawberry 595.659776 150.588416 630.797312 184.052736
Strawberry 595.659776 438.37952 659.241984 485.22854400000006
Strawberry 607.372288 388.18304 665.934848 438.37952
Strawberry 619.0848 162.300928 660.9152 192.418816
Strawberry 629.124096 214.1696 684.340224 242.61427200000003
Strawberry 639.163392 225.882112 706.091008 267.712512
Strawberry 687.686656 522.039296 761.307136 572.235776
Strawberry 694.3795200000001 127.16339199999999 759.63392 160.627712
Strawberry 717.80352 501.960704 781.385728 547.1375360000001
Strawberry 727.842816 160.627712 776.36608 194.09100800000002
Strawberry 739.555328 327.947264 818.19648 378.14374399999997
Strawberry 754.614272 214.1696 798.117888 242.61427200000003
Strawberry 764.653568 517.0196480000001 831.582208 572.235776
Strawberry 766.326784 235.921408 819.869696 267.712512
Strawberry 778.039296 332.96691200000004 855.006208 383.163392
Strawberry 779.7125120000001 200.783872 833.2544 234.248192
Strawberry 786.4053759999999 374.79731200000003 844.9669119999999 403.241984
Strawberry 791.425024 619.0848 878.431232 672.627712
Strawberry 813.176832 647.5294719999999 906.8759039999999 727.842816
Strawberry 870.065152 465.1499519999999 950.37952 510.326784
Strawberry 905.2026880000001 162.300928 947.0330880000001 192.418816
Strawberry 913.568768 256.0 978.823168 286.117888
Strawberry 920.2616320000001 277.751808 990.5356800000001 311.21612799999997
Strawberry 923.608064 148.9152 973.8035199999999 177.359872
Strawberry 925.28128 182.37951999999999 970.4570880000001 204.130304
Strawberry 925.28128 522.039296 987.189248 597.332992
Strawberry 975.476736 627.45088 1022.326784 680.993792
Strawberry 1003.921408 677.6473599999999 1022.326784 739.555328
Strawberry 1012.287488 612.391936 1022.326784 655.895552
