Strawberry 9.6 305.919744 40.96 361.599744
Strawberry 33.28 283.520256 84.48 328.32
Strawberry 110.08 554.88 158.72 627.2002560000001
Strawberry 119.04 240.0 152.32 299.52
Strawberry 147.2 214.400256 190.72 271.359744
Strawberry 178.56 517.760256 240.64 593.28
Strawberry 205.44 179.19974399999998 245.12 229.11974400000003
Strawberry 222.08 484.479744 279.04 566.4000000000001
Strawberry 241.92 156.80025600000002 287.36 205.44
Strawberry 288.64 449.91974400000004 359.68 521.600256
Strawberry 321.28 113.919744 366.72 158.079744
Strawberry 332.16 432.63974399999995 407.68 505.599744
Strawberry 365.44 8.319744 644.48 336.63974399999995
Strawberry 432.64 387.84000000000003 505.6 463.359744
Strawberry 478.72 345.6 551.68 428.799744
Strawberry 563.84 312.320256 628.48 391.68
Strawberry 566.4 0.0 854.4 421.11974399999997
Strawberry 591.36 0.0 652.16 49.280256
Strawberry 826.88 207.999744 866.56 280.959744
Strawberry 865.28 194.55974399999997 901.12 262.400256
