Strawberry 485.22854400000006 662.588416 612.391936 806.483968
Strawberry 0.0 602.3526400000001 120.470528 749.5946240000001
Strawberry 18.405376 664.2616320000001 167.320576 808.157184
Strawberry 316.235776 570.56256 418.300928 680.993792
Strawberry 436.706304 597.332992 530.4053759999999 706.091008
Strawberry 525.385728 615.7383679999999 630.797312 721.149952
Strawberry 615.7383679999999 650.875904 696.052736 746.248192
Strawberry 687.686656 657.568768 824.889344 793.09824
Strawberry 689.359872 612.391936 806.483968 680.993792
Strawberry 781.385728 680.993792 995.5553279999999 833.2544
Strawberry 793.09824 602.3526400000001 931.9741439999999 707.764224
Strawberry 898.509824 577.2544 1013.960704 689.359872
