Strawberry 0.0 60.159744 165.76 368.00025600000004
Strawberry 0.0 9.600000000000001 216.96 361.599744
Strawberry 0.0 402.56025600000004 223.36 767.360256
Strawberry 0.0 392.319744 226.56 698.88
Strawberry 83.84 222.71999999999997 258.56 490.23974400000003
Strawberry 105.6 0.0 285.44 170.88
Strawberry 135.04 562.5600000000001 448.64 767.360256
Strawberry 139.52 538.880256 440.96 767.360256
Strawberry 148.48 0.0 558.72 236.16
Strawberry 206.72 171.519744 654.08 601.599744
Strawberry 219.52 0.0 556.8 234.87974399999996
Strawberry 444.16 647.04 756.48 767.360256
Strawberry 444.8 656.64 669.44 767.360256
Strawberry 478.08 382.719744 901.12 767.360256
Strawberry 481.28 380.15999999999997 897.92 767.360256
Strawberry 512.0 0.0 880.64 172.160256
Strawberry 535.04 0.0 878.72 176.64000000000001
Strawberry 561.28 154.23974399999997 864.0 450.56025600000004
Strawberry 568.96 164.480256 947.2 448.640256
Strawberry 789.76 207.999744 1023.36 453.12
Strawberry 841.6 723.84 1023.36 767.360256
Strawberry 842.24 725.1202559999999 1020.8 767.360256
Strawberry 848.0 427.520256 1023.36 752.000256
Strawberry 851.84 427.520256 1023.36 766.08
Strawberry 854.4 4.479744 1023.36 227.840256
Strawberry 856.32 8.319744 1023.36 245.12025600000004
Strawberry 869.12 218.88 1021.44 440.96025599999996
