Strawberry 0.0 755.84 52.496806 849.92
Strawberry 0.0 706.56 62.73966000000001 771.2
Strawberry 0.0 304.64 80.66560199999999 423.68
Strawberry 0.0 836.48 83.866636 949.76
Strawberry 0.0 584.32 101.152068 689.28
Strawberry 0.0 448.0 127.400092 581.12
Strawberry 0.0 115.2 129.320864 357.12
Strawberry 5.121805999999999 7.04 136.363442 150.4
Strawberry 38.412408 937.6 129.320864 1023.36
Strawberry 40.33242200000001 753.28 183.738442 908.8
Strawberry 60.818888 666.24 206.144922 769.28
Strawberry 96.03026200000002 46.08 306.657238 190.72
Strawberry 108.193888 951.68 258.641728 1023.36
Strawberry 108.193888 0.0 272.72612599999997 80.64
Strawberry 112.035432 547.84 262.483272 675.2
Strawberry 113.31569400000001 262.4 375.798966 528.64
Strawberry 115.236466 449.92 297.054136 552.96
Strawberry 117.15723799999998 187.52 355.3125 351.36
Strawberry 133.162408 769.28 288.731296 987.52
Strawberry 202.94388800000002 942.72 269.52509200000003 1023.36
Strawberry 220.230078 832.0 343.148874 1000.32
Strawberry 258.641728 498.56 393.724908 641.92
Strawberry 258.641728 629.76 418.05216 803.2
Strawberry 262.483272 0.0 427.01551 148.48
Strawberry 274.646898 951.68 437.258364 1023.36
Strawberry 276.56767 776.96 403.96776200000005 869.76
Strawberry 323.30215999999996 75.52 507.0406019999999 309.76
Strawberry 336.106296 423.68 475.670772 538.88
Strawberry 349.55094199999996 825.6 480.79257799999993 977.92
Strawberry 358.513534 197.12 532.008364 483.84
Strawberry 367.476126 561.28 484.633364 706.56
Strawberry 418.05216 746.88 498.71776200000005 841.6
Strawberry 441.099908 887.04 539.0509420000001 1004.16
Strawberry 442.38017 976.0 601.7906019999999 1023.36
Strawberry 446.22095599999994 753.92 635.081204 941.44
Strawberry 451.34276200000005 654.08 589.626976 801.28
Strawberry 468.628194 62.72 711.905262 325.12
Strawberry 472.46973799999995 460.16 684.3769759999999 725.76
Strawberry 542.251976 3.2 741.99483 121.6
Strawberry 549.293796 869.76 678.6146600000001 1023.36
Strawberry 549.293796 206.72 757.3594899999999 395.52
Strawberry 565.2989660000001 377.6 757.3594899999999 549.12
Strawberry 629.959398 928.64 720.868612 1023.36
Strawberry 633.160432 725.76 757.3594899999999 878.08
Strawberry 666.4510339999999 601.6 757.3594899999999 791.04
Strawberry 717.027068 94.08 757.3594899999999 211.2
