Strawberry 256.0 307.20000000000005 419.84 453.12
Strawberry 167.04 348.159744 251.52 437.120256
Strawberry 177.28 438.39974400000006 379.52 659.199744
Strawberry 241.92 200.319744 419.2 335.36025600000005
Strawberry 352.0 49.280256 505.6 194.55974399999997
Strawberry 380.8 499.20000000000005 504.32 695.04
Strawberry 421.76 287.36025600000005 583.68 423.680256
Strawberry 472.32 373.119744 773.76 624.639744
Strawberry 513.28 156.80025600000002 652.16 266.240256
Strawberry 570.24 288.63974399999995 785.92 469.76025599999997
Strawberry 759.04 284.799744 916.48 497.91974400000004
