Strawberry 493.44 276.48 695.04 408.96
Strawberry 225.28 205.44 387.84 333.44025600000003
Strawberry 237.44 307.20000000000005 476.8 414.08025599999996
Strawberry 327.04 148.479744 462.08 255.36
Strawberry 372.48 250.23974399999997 512.64 333.44025600000003
Strawberry 412.16 183.03974399999998 594.56 307.20000000000005
Strawberry 421.12 348.159744 586.24 448.640256
Strawberry 426.24 97.92 552.32 206.720256
Strawberry 460.8 95.360256 610.56 184.32
Strawberry 546.56 140.799744 670.08 226.56
Strawberry 619.52 199.040256 733.44 288.63974399999995
