Strawberry 143.36 349.18853099999995 241.28 437.60697899999997
Strawberry 83.84 293.446852 182.4 413.900732
Strawberry 86.4 246.03367500000002 204.16 313.949146
Strawberry 88.96 411.337433 186.24 506.163104
Strawberry 153.6 460.03191799999996 238.72 529.869351
Strawberry 181.12 322.278331 258.56 379.942655
Strawberry 199.04 173.632943 298.88 258.848121
Strawberry 206.08 510.007711 318.72 584.971059
Strawberry 215.04 435.044363 293.76 518.9775500000001
Strawberry 242.56 277.428453 335.36 328.685554
Strawberry 251.52 404.930893 341.12 483.738165
Strawberry 273.92 158.896535 352.64 242.189751
Strawberry 280.32 463.875842 351.36 540.121181
Strawberry 291.2 522.821474 430.08 618.928453
Strawberry 293.76 377.38003899999995 378.88 429.918448
Strawberry 317.44 203.746413 419.84 287.68028300000003
Strawberry 335.36 262.692045 427.52 335.09277699999996
Strawberry 346.24 332.530161 408.96 379.942655
Strawberry 356.48 164.663104 471.04 221.04612
Strawberry 408.96 296.009468 478.72 337.655393
Strawberry 414.08 262.692045 488.96 307.54192300000005
Strawberry 428.8 541.4024890000001 541.44 617.647145
Strawberry 456.32 167.22640299999998 551.04 244.752367
Strawberry 490.24 227.45334300000002 577.28 279.99175199999996
Strawberry 496.0 496.552611 618.88 595.222206
Strawberry 542.72 262.692045 608.64 318.434407
Strawberry 577.28 207.59102 650.24 298.57208399999996
Strawberry 603.52 424.79253300000005 675.2 526.666081
Strawberry 613.76 272.303221 687.36 338.93738399999995
Strawberry 620.16 320.997023 692.48 387.631186
Strawberry 670.08 367.769546 750.08 408.774817
Strawberry 670.08 407.49350899999996 768.64 493.98999499999996
Strawberry 684.8 308.823914 766.08 369.050854
