Strawberry 540.16 163.38179599999998 671.36 274.865837
Strawberry 25.6 477.330942 88.96 563.827428
Strawberry 56.96 490.14538799999997 149.12 586.252367
Strawberry 119.04 457.469302 232.96 523.462128
Strawberry 130.56 528.588043 240.64 590.096291
Strawberry 145.28 413.900732 181.76 483.738165
Strawberry 220.16 515.1329430000001 320.64 579.845144
Strawberry 264.32 432.481064 369.28 522.18082
Strawberry 353.92 507.44441200000006 431.36 551.012982
Strawberry 356.48 393.3977550000001 482.56 511.28901900000005
Strawberry 431.36 504.881796 513.92 551.012982
Strawberry 535.04 491.42669600000005 583.04 534.995266
Strawberry 730.24 448.49878 791.68 511.28901900000005
