Strawberry 487.74041600000004 262.993078 656.279552 451.94
Strawberry 357.506048 321.71999999999997 533.705728 485.133078
Strawberry 559.24224 375.34 870.782976 612.8000000000001
Strawberry 674.154496 163.41307799999998 886.1050880000001 400.873078
Strawberry 750.763008 71.493078 957.605888 324.273078
Strawberry 801.835008 492.79307800000004 1021.446144 709.826922
Strawberry 817.15712 278.313078 1021.446144 426.406922
Strawberry 845.2464640000001 48.513078 1021.446144 188.946922
Strawberry 850.3541759999999 342.14692199999996 1021.446144 515.7730779999999
Strawberry 947.3914880000001 155.753078 1021.446144 321.71999999999997
Strawberry 952.4992 666.42 1021.446144 763.446922
