Strawberry 408.96 648.96 645.12 800.64
Strawberry 0.0 328.32 110.07974399999999 447.36
Strawberry 0.0 438.4 120.320256 571.52
Strawberry 113.28 345.6 243.20025600000002 440.32
Strawberry 138.24 216.32 213.12 286.08
Strawberry 176.64000000000001 270.72 303.99974399999996 356.48
Strawberry 197.76 643.2 342.399744 795.52
Strawberry 239.36025600000002 394.88 372.48 533.12
Strawberry 282.87974399999996 160.0 356.480256 199.04
Strawberry 284.799744 218.24 387.84000000000003 288.0
Strawberry 372.48 414.08 512.64 546.56
Strawberry 387.84000000000003 195.2 489.59999999999997 256.64
Strawberry 506.88 396.16 668.16 480.64
Strawberry 524.7997439999999 165.76 611.840256 242.56
Strawberry 570.24 302.08 704.64 392.96
Strawberry 611.840256 569.6 767.360256 690.56
Strawberry 659.199744 272.0 767.360256 361.6
Strawberry 708.48 401.92 767.360256 512.0
