Strawberry 0.0 478.94508 124.8 679.35944
Strawberry 0.0 0.0 227.2 353.44631999999996
Strawberry 0.64 292.6176 232.32 517.36372
Strawberry 46.08 481.50664 378.24 679.35944
Strawberry 76.16 133.82264 313.6 321.43124
Strawberry 194.56 7.68332 376.96 145.98852
Strawberry 220.8 292.6176 459.52 525.0470399999999
Strawberry 302.08 122.29732 509.44 317.58924
Strawberry 350.72 517.36372 647.04 679.35944
Strawberry 374.4 27.533199999999997 534.4 153.67252
Strawberry 440.96 265.0844 682.88 531.4499199999999
Strawberry 505.6 136.38420000000002 698.24 312.46680000000003
Strawberry 536.96 35.21652 720.64 162.63628
Strawberry 649.6 514.80216 922.88 679.35944
Strawberry 682.88 288.7756 942.08 546.17668
Strawberry 711.68 129.98132 909.44 334.87756
Strawberry 729.6 46.10196 906.88 163.91740000000001
Strawberry 913.28 5.12244 1023.36 158.79495999999997
Strawberry 919.04 158.79495999999997 1023.36 317.58924
Strawberry 928.0 315.02836 1022.08 522.48616
Strawberry 930.56 606.36552 1022.08 679.35944
Strawberry 935.68 519.9246 1018.24 606.36552
Strawberry 939.52 580.11276 1006.72 628.7756
Strawberry 972.8 658.8703600000001 1023.36 679.35944
Strawberry 1006.72 598.68152 1023.36 646.06392
