Strawberry 0.0 476.15999999999997 80.0 668.16
Strawberry 0.0 297.6 90.88 485.76
Strawberry 0.0 704.64 113.28 767.360256
Strawberry 0.0 0.0 1023.36 767.360256
Strawberry 2.56 10.880256 79.36 189.440256
Strawberry 5.12 111.35999999999999 120.32 230.39999999999998
Strawberry 19.84 0.0 120.32 101.12025600000001
Strawberry 42.24 556.8 182.4 696.96
Strawberry 78.08 8.319744 185.6 176.64000000000001
Strawberry 81.92 184.32 205.44 359.04
Strawberry 84.48 302.079744 251.52 406.400256
Strawberry 144.0 0.0 266.24 78.72
Strawberry 165.12 740.480256 223.36 767.360256
Strawberry 169.6 145.92000000000002 308.48 241.280256
Strawberry 170.88 458.24025600000004 358.4 597.12
Strawberry 188.16 65.28 291.2 158.079744
Strawberry 190.08 572.7997439999999 380.8 767.360256
Strawberry 225.28 205.44 392.96 323.199744
Strawberry 229.12 299.52 371.84 446.079744
Strawberry 256.64 0.0 330.88 70.400256
Strawberry 270.08 60.159744 359.68 217.599744
Strawberry 314.88 398.72025600000006 483.2 531.84
Strawberry 317.44 0.0 437.76 66.560256
Strawberry 348.16 45.440256 448.64 143.360256
Strawberry 355.84 145.92000000000002 444.8 303.36
Strawberry 371.2 549.12 542.08 767.360256
Strawberry 375.68 313.599744 517.12 402.56025600000004
Strawberry 427.52 0.0 514.56 66.560256
Strawberry 448.64 167.04 539.52 277.119744
Strawberry 457.6 50.559744 556.8 147.200256
Strawberry 464.64 377.600256 583.68 594.560256
Strawberry 471.04 238.719744 604.8 357.759744
Strawberry 503.04 0.0 597.76 65.28
Strawberry 518.4 24.320256 634.88 129.920256
Strawberry 522.88 133.76025600000003 644.48 264.96
Strawberry 524.8 586.239744 645.12 766.08
Strawberry 550.4 339.200256 648.32 443.52
Strawberry 579.2 469.76025599999997 701.44 616.959744
Strawberry 579.2 229.11974400000003 759.04 351.99974399999996
Strawberry 599.04 0.0 696.96 71.679744
Strawberry 617.6 74.24025599999999 716.8 168.320256
Strawberry 624.64 94.08 744.96 267.519744
Strawberry 628.48 313.599744 768.64 456.96
Strawberry 641.28 618.8797440000001 757.76 767.360256
Strawberry 696.96 20.480256000000004 789.76 113.919744
Strawberry 719.36 403.839744 850.56 590.079744
Strawberry 731.52 0.0 820.48 48.0
Strawberry 732.16 562.5600000000001 912.0 760.959744
Strawberry 744.96 120.96000000000001 874.24 284.799744
Strawberry 810.88 0.0 917.76 51.84
Strawberry 823.04 266.240256 920.96 368.00025600000004
Strawberry 823.68 499.839744 958.72 641.28
Strawberry 832.0 370.56 1016.96 524.16
Strawberry 833.92 54.399744000000005 1006.72 184.959744
Strawberry 883.84 246.399744 1023.36 392.96025599999996
Strawberry 896.64 535.6800000000001 1023.36 730.239744
Strawberry 899.84 210.56025599999998 1023.36 293.76
Strawberry 951.04 348.159744 1023.36 485.76
Strawberry 976.0 0.0 1023.36 60.159744
Strawberry 983.04 143.360256 1023.36 250.23974399999997
