Strawberry 596.48 12.800255999999997 819.2 224.000256
Strawberry 0.0 576.0 80.64 757.119744
Strawberry 0.0 205.44 84.48 369.279744
Strawberry 0.0 712.3199999999999 108.8 767.360256
Strawberry 0.0 359.04 218.24 650.88
Strawberry 0.0 0.0 250.24 206.720256
Strawberry 32.0 127.35974399999998 268.8 357.759744
Strawberry 87.68 405.12 503.04 767.360256
Strawberry 158.72 19.200000000000003 590.08 406.400256
Strawberry 199.68 0.0 345.6 148.479744
Strawberry 256.64 370.56 506.88 531.84
Strawberry 312.32 0.0 566.4 99.84
Strawberry 420.48 540.159744 615.04 767.360256
Strawberry 497.28 10.880256 636.16 237.44025600000003
Strawberry 504.32 201.60000000000002 737.92 478.08000000000004
Strawberry 509.44 312.320256 849.28 758.4000000000001
Strawberry 664.32 421.11974399999997 922.24 767.360256
Strawberry 709.12 106.23974399999999 917.76 330.87974399999996
Strawberry 764.8 172.160256 1023.36 531.84
Strawberry 780.8 0.0 1023.36 271.359744
Strawberry 908.8 509.43974399999996 1023.36 752.000256
