Strawberry 373.76 93.46756500000001 405.76 128.03746
Strawberry 403.2 47.373915 439.04 75.5418
Strawberry 405.76 99.86889000000001 437.76 139.56053
Strawberry 433.92 116.513705 462.08 142.121745
Strawberry 435.2 28.167885 465.92 52.495659999999994
Strawberry 442.88 58.896984999999994 477.44 75.5418
Strawberry 445.44 0.0 491.52 28.167885
Strawberry 448.0 99.86889000000001 478.72 121.63545
Strawberry 454.4 23.046825000000002 494.08 53.775924999999994
Strawberry 459.52 117.794655 500.48 144.682275
Strawberry 480.0 29.448835000000003 518.4 49.934445000000004
Strawberry 487.68 103.71037000000001 514.56 129.317725
Strawberry 492.8 128.03746 524.8 151.084285
Strawberry 494.08 0.0 518.4 29.448835000000003
Strawberry 510.72 112.67291 546.56 129.317725
Strawberry 513.28 34.569895 542.72 52.495659999999994
Strawberry 519.68 117.794655 561.92 147.24280500000003
Strawberry 523.52 19.205345 550.4 42.25217000000001
Strawberry 533.76 104.990635 558.08 121.63545
Strawberry 537.6 60.17725 572.16 89.626085
Strawberry 540.16 29.448835000000003 582.4 56.336455
Strawberry 547.84 7.682275000000001 584.96 40.971905
Strawberry 567.04 117.794655 600.32 147.24280500000003
Strawberry 572.16 139.56053 596.48 166.448835
Strawberry 579.84 15.364550000000001 627.2 60.17725
Strawberry 592.64 134.43947 628.48 162.60735499999998
Strawberry 596.48 0.0 628.48 21.76656
Strawberry 622.08 122.915715 654.08 134.43947
Strawberry 628.48 142.121745 661.76 166.448835
Strawberry 642.56 89.626085 657.92 96.02809499999998
Strawberry 664.32 135.71973500000001 702.72 161.32709
Strawberry 687.36 93.46756500000001 716.8 106.2709
Strawberry 706.56 137.0 742.4 171.569895
Strawberry 721.92 101.14984000000001 738.56 108.832115
Strawberry 733.44 135.71973500000001 747.52 157.486295
Strawberry 750.08 90.90635 784.64 117.794655
