Strawberry 279.81184 753.92 510.96016 922.24
Strawberry 97.32568 580.48 314.3878 720.0
Strawberry 100.52712 634.24 312.46680000000003 869.12
Strawberry 142.78708 36.48 545.5368000000001 319.36
Strawberry 256.76052 540.16 429.64236 659.2
Strawberry 259.96264 388.48 508.39928000000003 554.88
Strawberry 263.80396 291.84 435.40468 424.32
Strawberry 295.17916 645.12 419.39748000000003 751.36
Strawberry 379.05852 567.68 526.32748 711.68
Strawberry 388.02228 361.6 526.32748 440.32
Strawberry 403.3896 707.84 587.1561999999999 851.2
Strawberry 441.80824 335.36 573.07 396.8
Strawberry 457.81544 445.44 615.3292799999999 581.76
Strawberry 461.65743999999995 631.04 617.25028 736.0
Strawberry 508.39928000000003 375.68 657.58924 476.8
