Strawberry 655.36 409.06692 841.6 556.305705
Strawberry 0.0 486.526995 63.36 741.954375
Strawberry 0.0 179.88669 92.8 237.5019
Strawberry 40.96 136.355895 129.28 211.25551500000003
Strawberry 121.6 597.276045 432.64 764.359695
Strawberry 158.72 444.27604499999995 221.44 552.46464
Strawberry 253.44 125.473005 378.24 206.13384
Strawberry 254.72 72.978705 307.2 119.07148500000001
Strawberry 316.8 8.322435 406.4 48.01293
Strawberry 337.92 95.38479 467.84 195.25095000000002
Strawberry 399.36 10.88289 496.0 58.255514999999995
Strawberry 420.48 76.81976999999999 520.96 147.878325
Strawberry 441.6 602.3977199999999 594.56 685.61901
Strawberry 452.48 128.03346000000002 544.64 190.13004
Strawberry 456.32 647.209125 641.92 764.359695
Strawberry 510.08 418.0296599999999 600.96 536.4600750000001
Strawberry 562.56 478.84486499999997 752.64 661.9330799999999
Strawberry 631.68 683.0585550000001 735.36 757.9581750000001
Strawberry 688.0 555.025095 913.28 750.2760450000001
Strawberry 775.04 14.723955 869.76 67.85779500000001
Strawberry 778.88 130.593915 903.04 185.00836499999997
Strawberry 816.0 494.209125 939.52 577.43118
Strawberry 868.48 81.94144500000002 967.04 160.04182500000002
Strawberry 884.48 585.1133100000001 1023.36 750.2760450000001
Strawberry 933.12 92.82433500000002 1023.36 165.1635
Strawberry 944.64 322.00379999999996 1020.16 439.155135
