Strawberry 6.4 208.640256 117.12 286.719744
Strawberry 27.52 286.719744 117.12 357.12
Strawberry 114.56 488.319744 300.16 606.080256
Strawberry 181.12 7.68 277.12 133.76025600000003
Strawberry 191.36 62.079744000000005 300.16 183.680256
Strawberry 272.0 303.99974399999996 376.32 461.43974399999996
Strawberry 331.52 628.479744 414.72 744.96
Strawberry 341.12 284.15999999999997 425.6 464.00025600000004
Strawberry 360.96 562.5600000000001 455.68 686.7202560000001
Strawberry 453.12 115.19999999999999 579.2 252.800256
Strawberry 579.2 411.519744 654.08 525.440256
Strawberry 784.0 272.64 847.36 351.99974399999996
Strawberry 800.0 493.43999999999994 863.36 597.759744
Strawberry 828.8 504.320256 913.28 620.7997439999999
Strawberry 849.92 259.20000000000005 904.32 320.00025600000004
