Strawberry 21.751808 356.391936 192.418816 510.326784
Strawberry 0.0 0.0 55.216128000000005 88.679424
Strawberry 0.0 520.36608 56.889343999999994 642.509824
Strawberry 110.43123200000001 0.0 197.43743999999998 56.889343999999994
Strawberry 143.895552 272.73216 269.385728 394.875904
Strawberry 202.457088 0.0 311.21612799999997 122.143744
Strawberry 327.947264 48.523264000000005 419.974144 153.934848
Strawberry 498.61427199999997 83.65977600000001 583.947264 172.340224
Strawberry 622.431232 92.025856 702.7456 185.725952
Strawberry 627.45088 913.568768 808.157184 1022.326784
Strawberry 746.248192 736.208896 920.2616320000001 866.71872
Strawberry 749.5946240000001 130.509824 836.6008320000001 219.189248
Strawberry 826.56256 573.908992 983.842816 717.80352
Strawberry 881.7776640000001 147.241984 990.5356800000001 256.0
Strawberry 886.7973119999999 456.783872 1008.941056 590.640128
