Strawberry 0.0 363.924939 55.68 450.421425
Strawberry 1.92 449.13943399999994 108.16 629.180283
Strawberry 4.48 362.643631 103.68 491.42669600000005
Strawberry 102.4 376.73938499999997 142.08 454.265349
Strawberry 109.44 593.940898 257.28 676.5927770000001
Strawberry 124.8 385.709224 280.32 559.9828210000001
Strawberry 222.08 583.0490970000001 412.16 682.3593460000001
Strawberry 258.56 422.870571 428.16 576.641874
Strawberry 371.84 476.690288 518.4 682.3593460000001
Strawberry 382.08 438.88828700000005 475.52 531.7919959999999
Strawberry 536.96 463.875842 585.6 556.7795510000001
Strawberry 569.6 397.88301600000005 685.44 513.851635
Strawberry 586.88 534.3546120000001 678.4 639.43143
Strawberry 644.48 491.42669600000005 748.16 606.755344
Strawberry 665.6 374.17608600000005 800.64 484.3788190000001
Strawberry 749.44 542.683797 837.12 645.1979990000001
Strawberry 799.36 449.13943399999994 914.56 566.390044
