Strawberry 342.4 395.199744 454.4 536.000256
Strawberry 99.2 94.40025600000001 560.0 339.200256
Strawberry 248.00051200000001 412.79999999999995 353.60051200000004 539.199744
Strawberry 267.200512 491.199744 385.60051200000004 608.000256
Strawberry 376.000512 513.5999999999999 507.200512 660.800256
Strawberry 438.4 350.4 576.0 476.799744
Strawberry 473.6 449.60025599999994 577.599488 566.4000000000001
Strawberry 534.4 521.600256 676.799488 667.2
Strawberry 542.400512 302.4 647.999488 417.59999999999997
Strawberry 600.000512 398.40000000000003 726.4 555.2002560000001
Strawberry 603.200512 355.20000000000005 702.400512 447.99974399999996
Strawberry 708.799488 460.79999999999995 824.000512 596.7997439999999
Strawberry 708.799488 337.599744 843.2005119999999 480.0
Strawberry 801.599488 414.39974400000006 902.4 539.199744
Strawberry 833.599488 539.199744 960.0 659.199744
Strawberry 851.2 462.39974400000006 967.999488 580.8
Strawberry 926.4005119999999 398.40000000000003 1022.4005119999999 529.599744
