Strawberry 690.56 318.080256 790.4 432.63974399999995
Strawberry 29.44 41.600255999999995 94.08 83.84025600000001
Strawberry 66.56 3.2002560000000004 158.72 67.83974400000001
Strawberry 79.36 61.44 162.56 143.360256
Strawberry 86.4 221.43974400000002 188.16 266.88
Strawberry 148.48 269.439744 199.04 318.080256
Strawberry 192.0 0.0 248.96 28.160255999999997
Strawberry 223.36 185.600256 300.16 229.11974400000003
Strawberry 224.0 335.36025600000005 302.08 386.559744
Strawberry 229.12 70.400256 293.76 124.80000000000001
Strawberry 245.12 33.279743999999994 320.0 91.520256
Strawberry 266.24 270.71999999999997 365.44 327.680256
Strawberry 275.84 412.79999999999995 362.88 452.480256
Strawberry 315.52 665.600256 405.12 725.1202559999999
Strawberry 324.48 349.44 426.24 397.43999999999994
Strawberry 336.0 35.840256 437.76 110.07974399999999
Strawberry 385.28 174.72 450.56 209.28000000000003
Strawberry 400.0 224.64 459.52 278.4
Strawberry 405.12 528.0 459.52 559.359744
Strawberry 407.68 376.32 517.76 437.120256
Strawberry 456.96 177.920256 521.6 206.720256
Strawberry 484.48 586.239744 515.2 617.600256
Strawberry 505.6 225.279744 593.28 299.52
Strawberry 511.36 339.200256 561.28 385.280256
Strawberry 513.92 278.4 589.44 346.880256
Strawberry 666.88 665.600256 755.84 715.520256
Strawberry 857.6 561.920256 934.4 606.080256
