Strawberry 0.0 68.480256 58.88 118.400256
Strawberry 5.76 105.60000000000001 73.6 152.96025600000002
Strawberry 12.16 554.240256 268.8 767.360256
Strawberry 14.08 138.24 57.6 175.35974399999998
Strawberry 56.32 155.52 87.68 195.20025600000002
Strawberry 86.4 0.639744 266.24 209.91974399999998
Strawberry 177.92 236.16 402.56 482.559744
Strawberry 180.48 693.759744 246.4 767.360256
Strawberry 190.72 76.16025599999999 230.4 118.400256
Strawberry 246.4 0.0 418.56 144.0
Strawberry 263.68 216.320256 328.96 267.519744
Strawberry 283.52 464.00025600000004 515.2 721.92
Strawberry 303.36 320.64 353.92 377.600256
Strawberry 352.64 13.440000000000001 391.04 60.159744
Strawberry 355.2 150.399744 572.16 397.43999999999994
Strawberry 426.24 570.8797440000001 474.24 632.960256
Strawberry 474.24 387.84000000000003 679.04 634.880256
Strawberry 486.4 245.76 531.2 298.880256
Strawberry 616.96 488.96025599999996 659.2 545.919744
Strawberry 661.76 313.599744 872.32 520.959744
Strawberry 810.24 407.04 852.48 465.27974399999994
Strawberry 825.6 238.07999999999998 1023.36 451.20000000000005
Strawberry 929.28 0.0 976.64 23.04
Strawberry 968.96 331.520256 1015.04 385.91999999999996
