Strawberry 188.8 418.76387500000004 286.08 502.004325
Strawberry 0.0 180.567825 19.2 227.310725
Strawberry 0.0 49.30395 32.0 110.77374999999999
Strawberry 0.0 247.16029999999998 54.4 325.91862499999996
Strawberry 0.0 304.788525 88.96 407.238575
Strawberry 0.64 113.335375 54.4 155.59557500000003
Strawberry 17.92 149.832925 101.76 228.59125
Strawberry 24.32 0.64055 101.76 63.39087500000001
Strawberry 34.56 64.6714 90.24 103.090025
Strawberry 46.72 358.5746 145.28 462.30517499999996
Strawberry 49.28 215.78485 122.88 284.2984
Strawberry 62.72 281.09680000000003 130.56 332.321825
Strawberry 70.4 78.11777500000001 160.64 149.832925
Strawberry 91.52 39.699149999999996 138.24 80.6794
Strawberry 99.2 153.03452499999997 172.8 226.0302
Strawberry 106.88 308.6301 183.04 389.3095
Strawberry 112.0 420.68495 204.16 509.68805
Strawberry 117.76 234.35389999999998 204.16 310.551175
Strawberry 126.72 0.0 180.48 40.979675
Strawberry 139.52 39.699149999999996 201.6 103.090025
Strawberry 159.36 357.294075 230.4 434.771875
Strawberry 164.48 92.2047 240.64 148.55239999999998
Strawberry 165.76 156.876675 235.52 226.0302
Strawberry 185.6 268.2904 264.32 354.73245
Strawberry 200.32 0.64055 259.2 53.1461
Strawberry 215.68 208.101125 281.6 275.974125
Strawberry 227.84 43.5413 293.12 114.6159
Strawberry 230.4 118.457475 326.4 192.0937
Strawberry 238.08 332.321825 319.36 415.56227500000006
Strawberry 265.6 0.64055 328.96 43.5413
Strawberry 279.04 239.47657500000003 366.72 327.19915000000003
Strawberry 293.12 371.38100000000003 390.4 485.99690000000004
Strawberry 300.16 33.9365 370.56 111.41430000000001
Strawberry 306.56 173.52465 373.12 242.03762500000005
Strawberry 321.92 296.46425 392.96 376.5031
Strawberry 331.52 104.37055000000001 406.4 174.80517500000002
Strawberry 337.92 0.0 424.32 50.584475
Strawberry 369.28 232.43340000000003 433.92 290.06104999999997
Strawberry 371.84 145.99135 465.28 228.59125
Strawberry 375.68 44.821825 453.12 107.57215
Strawberry 390.4 292.622675 467.84 358.5746
Strawberry 392.96 370.10047499999996 483.84 450.13932500000004
Strawberry 400.64 89.0031 490.24 148.55239999999998
Strawberry 439.04 9.604800000000001 504.32 54.426624999999994
Strawberry 446.72 245.87977500000002 519.04 294.54317499999996
Strawberry 458.88 170.96302500000002 525.44 239.47657500000003
Strawberry 469.12 277.255225 572.8 363.697275
Strawberry 476.8 55.707150000000006 533.12 113.335375
Strawberry 480.64 113.335375 538.88 173.52465
Strawberry 505.6 0.0 591.36 58.2682
Strawberry 516.48 193.37422500000002 613.76 275.974125
Strawberry 540.16 35.857575 631.68 123.58014999999999
Strawberry 546.56 115.896425 636.8 201.05794999999998
