Strawberry 483.84 497.91974400000004 686.72 759.039744
Strawberry 0.0 365.439744 39.04 456.96
Strawberry 0.0 0.0 242.56 268.79999999999995
Strawberry 5.76 697.599744 304.64 767.360256
Strawberry 224.0 476.799744 494.08 767.360256
Strawberry 230.4 0.0 458.24 123.519744
Strawberry 247.68 252.159744 499.2 521.600256
Strawberry 250.24 72.320256 391.68 273.279744
Strawberry 325.76 9.600000000000001 604.8 154.23974399999997
Strawberry 384.0 140.799744 584.96 316.79999999999995
Strawberry 505.6 234.87974399999996 760.96 456.96
Strawberry 568.96 0.0 760.96 72.320256
Strawberry 741.12 0.639744 920.96 191.360256
Strawberry 746.24 225.279744 1023.36 542.7202560000001
