Strawberry 582.274048 10.039296 808.157184 217.516032
Strawberry 66.927616 217.516032 209.149952 326.274048
Strawberry 254.32678399999998 409.934848 361.411584 527.058944
Strawberry 267.712512 194.09100800000002 575.582208 418.300928
Strawberry 346.35264 543.791104 525.385728 744.574976
Strawberry 354.71872 304.52326400000004 470.1696 450.091008
Strawberry 383.163392 128.836608 627.45088 326.274048
Strawberry 471.842816 404.9152 674.300928 575.582208
Strawberry 600.679424 677.6473599999999 834.9276160000001 906.8759039999999
Strawberry 612.391936 250.980352 729.516032 376.470528
Strawberry 719.4767360000001 460.130304 962.091008 694.3795200000001
Strawberry 761.307136 0.0 948.7063039999999 113.77766399999999
Strawberry 773.0196480000001 336.313344 1018.9803519999999 505.307136
Strawberry 796.444672 132.18303999999998 990.5356800000001 274.405376
