Apple 343.161564 770.56 379.65423599999997 807.04
Apple 370.69107600000007 771.84 403.98290999999995 812.16
Apple 400.78207199999997 359.04 423.189972 413.44
Apple 403.98290999999995 791.68 430.232358 816.0
Apple 443.037066 721.28 482.730576 763.52
Apple 467.36574 953.6 479.529738 985.6
Apple 491.693736 572.8 521.784732 609.28
Apple 496.816026 915.2 535.229472 953.6
Apple 505.779186 873.6 540.9917939999999 913.28
Apple 512.821572 520.32 563.399694 563.84
Apple 526.906344 843.52 551.2350180000001 869.76
Apple 528.187086 539.52 582.606078 584.96
Apple 563.399694 848.64 594.770754 880.64
Apple 569.8013699999999 423.04 633.824232 491.52
Apple 575.563692 988.8 601.81314 1015.04
