Strawberry 427.200512 356.00025600000004 583.199744 488.799744
Strawberry 477.59974400000004 321.6 562.400256 380.00025600000004
Strawberry 490.39974400000006 353.600256 706.400256 554.4000000000001
Strawberry 608.0 445.599744 757.600256 566.4000000000001
Strawberry 618.399744 572.000256 798.400512 642.399744
Strawberry 684.0002559999999 370.400256 926.4005119999999 560.000256
Strawberry 709.600256 519.999744 835.9997440000001 608.000256
Strawberry 784.0 529.599744 945.5994880000001 590.4000000000001
Strawberry 860.000256 373.599744 992.0 514.400256
Strawberry 926.4005119999999 373.599744 1022.4005119999999 522.399744
