Strawberry 0.0 386.392224 56.087552 476.175989
Strawberry 0.0 428.077763 104.162304 569.166439
Strawberry 0.0 634.9010910000001 108.96998400000001 681.396999
Strawberry 1.60256 323.86357399999997 121.79046399999999 447.31719
Strawberry 4.80768 99.40382 152.23808 190.791269
Strawberry 41.665535999999996 131.46930400000002 99.355648 234.079809
Strawberry 59.292671999999996 254.922237 193.902592 360.739427
Strawberry 75.31724799999999 424.871078 185.890816 583.59618
Strawberry 118.58534399999999 630.091405 211.530752 681.396999
Strawberry 118.58534399999999 195.600955 283.64288 267.748977
Strawberry 163.454976 224.459754 331.718656 362.342428
Strawberry 176.27545600000002 450.523192 229.15788799999999 529.084584
Strawberry 248.388608 618.8683490000001 403.830784 681.396999
Strawberry 296.46336 270.955662 349.345792 341.5
Strawberry 296.46336 384.78854 459.918336 497.01910000000004
Strawberry 322.103296 333.483629 435.88095999999996 399.218281
Strawberry 322.103296 593.2162350000001 471.13625599999995 668.570259
Strawberry 346.140672 229.270123 456.713216 343.103001
Strawberry 382.99852799999996 538.703956 525.621248 639.7114600000001
Strawberry 384.601088 636.504775 474.34137599999997 681.396999
Strawberry 437.48352 242.09618 525.621248 307.830832
Strawberry 517.6084480000001 232.476808 613.758976 352.723056
Strawberry 536.839168 165.138472 645.8091519999999 270.955662
Strawberry 599.33696 237.286494 692.281344 325.467258
Strawberry 607.348736 219.650068 751.574016 315.847203
Strawberry 649.014272 107.420191 700.2941440000001 189.18758499999998
Strawberry 650.616832 153.915416 757.984256 234.079809
Strawberry 705.1018240000001 378.375853 849.327104 468.159618
Strawberry 706.704384 426.474079 788.431872 602.8356070000001
Strawberry 706.704384 86.57776299999999 804.4574719999999 136.279673
Strawberry 764.394496 222.856753 866.95424 298.21146
Strawberry 769.202176 133.07298799999998 900.606976 256.525921
Strawberry 778.816512 121.84993200000001 900.606976 193.99795400000002
Strawberry 780.419072 447.31719 863.750144 594.819236
Strawberry 783.624192 341.5 862.1475839999999 466.556617
Strawberry 796.444672 277.368349 900.606976 391.20191
Strawberry 796.444672 250.112551 907.017216 330.276944
Strawberry 796.444672 54.511596 950.2842880000001 126.659618
Strawberry 815.674368 551.530696 969.515008 636.504775
Strawberry 937.464832 495.415416 1022.3974400000001 569.166439
Strawberry 985.539584 444.110505 1022.3974400000001 506.638472
