Strawberry 481.92 71.03999999999999 913.92 525.440256
Strawberry 192.0 213.12 320.0 252.800256
Strawberry 192.0 506.88 582.4 767.360256
Strawberry 202.24 417.27974399999994 370.56 632.960256
Strawberry 282.88 263.679744 403.84 405.12
Strawberry 391.68 106.23974399999999 514.56 169.599744
Strawberry 499.84 124.80000000000001 611.2 197.76
Strawberry 517.12 81.279744 631.04 136.959744
Strawberry 727.68 382.719744 970.88 622.08
Strawberry 764.8 618.24 1023.36 720.0
Strawberry 846.72 94.08 931.2 144.639744
