Strawberry 0.0 666.24 131.84 825.6
Strawberry 0.0 216.96 142.08 394.88
Strawberry 0.0 368.64 297.6 689.28
Strawberry 0.0 670.08 401.28 1023.36
Strawberry 39.04 208.0 206.72 374.4
Strawberry 158.08 19.2 494.08 334.08
Strawberry 194.56 325.12 465.92 657.28
Strawberry 356.48 0.0 556.8 171.52
Strawberry 385.28 743.04 599.04 1023.36
Strawberry 392.32 519.04 757.76 842.88
Strawberry 422.4 190.72 702.08 408.96
Strawberry 481.28 148.48 686.08 262.4
Strawberry 528.64 0.0 752.64 174.72
Strawberry 588.16 878.08 848.64 1023.36
Strawberry 649.6 676.48 857.6 949.76
Strawberry 668.8 76.8 912.0 327.04
Strawberry 677.76 346.24 915.2 540.16
Strawberry 705.28 533.12 1023.36 944.64
Strawberry 869.76 150.4 1020.16 393.6
Strawberry 922.24 244.48 1023.36 540.16
