Strawberry 510.08 276.55209 649.6 405.8661599999999
Strawberry 0.0 19.844865000000002 48.0 104.34752999999999
Strawberry 51.84 291.276045 807.68 644.64867
Strawberry 165.12 0.0 1023.36 103.06692
Strawberry 258.56 370.657035 386.56 432.7528499999999
Strawberry 609.28 724.028895 752.64 764.359695
Strawberry 669.44 647.209125 832.64 764.359695
Strawberry 784.0 232.38099 873.6 333.526995
Strawberry 806.4 614.560455 1023.36 764.359695
Strawberry 830.08 304.71939000000003 988.16 440.43498
Strawberry 871.04 441.7155900000001 986.88 533.89962
