Strawberry 0.0 303.08125 52.052991999999996 447.365
Strawberry 0.0 478.09999999999997 155.307008 682.14625
Strawberry 9.387008 35.8575 157.867008 295.3975
Strawberry 40.107008 283.445 231.252992 463.58624999999995
Strawberry 120.32 563.475 384.852992 682.14625
Strawberry 121.172992 5.97625 286.72 126.355
Strawberry 145.92 98.18124999999999 357.547008 298.8125
Strawberry 181.76 269.785 403.627008 555.79125
Strawberry 272.212992 5.1225 398.507008 194.65499999999997
Strawberry 293.547008 543.83875 528.212992 682.14625
Strawberry 360.96 0.0 541.0129919999999 122.94
Strawberry 363.52 125.50125 481.28 257.8325
Strawberry 391.68 251.85625000000002 557.227008 608.72375
Strawberry 422.4 33.29625 567.467008 219.41375
Strawberry 494.932992 560.06 678.4 682.14625
Strawberry 512.0 0.0 706.56 160.505
Strawberry 521.387008 194.65499999999997 773.972992 514.81125
Strawberry 538.452992 440.535 854.187008 682.14625
Strawberry 668.16 16.22125 939.52 231.36625
Strawberry 816.64 444.80375 1023.147008 682.14625
Strawberry 819.2 355.16 1006.932992 534.4475
Strawberry 836.267008 110.9875 1023.147008 360.28249999999997
