Strawberry 493.44 321.920256 654.72 515.840256
Strawberry 172.16 168.96 312.32 319.359744
Strawberry 239.36 279.680256 385.28 439.68
Strawberry 240.64 72.320256 338.56 177.920256
Strawberry 340.48 17.28 480.64 78.08025599999999
Strawberry 354.56 383.36025600000005 505.6 558.72
Strawberry 429.44 101.76 586.88 250.23974399999997
Strawberry 496.64 0.0 588.16 72.96000000000001
Strawberry 634.88 243.20025600000002 796.16 444.159744
Strawberry 640.0 26.240256000000002 704.0 78.72
Strawberry 672.0 62.72025599999999 792.32 152.96025600000002
Strawberry 716.8 155.52 861.44 285.44025600000003
