Strawberry 246.95288200000002 576.0 413.29472799999996 721.92
Strawberry 0.0 0.0 333.962442 600.32
Strawberry 0.0 628.48 680.720568 1022.72
Strawberry 6.397842000000001 243.2 153.54616199999998 408.32
Strawberry 74.21387600000001 592.64 333.962442 803.84
Strawberry 81.89115 327.68 235.437312 486.4
Strawberry 110.041382 488.96 252.071292 619.52
Strawberry 126.675362 179.2 248.232314 298.24
Strawberry 167.621278 80.64 351.875854 203.52
Strawberry 177.857416 244.48 348.037558 367.36
Strawberry 190.65310000000002 409.6 467.035646 574.72
Strawberry 240.55504 355.84 383.865064 441.6
Strawberry 266.146408 158.72 455.519394 257.28
Strawberry 321.16675799999996 298.24 388.9827920000001 386.56
Strawberry 326.285168 0.0 680.720568 567.04
Strawberry 353.155968 125.44 458.07894 166.4
Strawberry 387.70336 184.32 504.142584 327.68
Strawberry 400.499044 448.0 633.37681 641.28
Strawberry 460.6378040000001 363.52 583.47487 467.2
