Cucumber 0.0 436.73125 51.231744 560.963125
Cucumber 0.0 485.3993750000001 65.32096 617.95625
Cucumber 5.1230720000000005 521.900625 82.6112 623.07875
Cucumber 7.6851199999999995 435.450625 105.02553600000002 576.9725
Cucumber 66.601984 366.93125 124.237824 469.39062500000006
Cucumber 83.892224 402.791875 144.090112 624.359375
Cucumber 91.577344 61.475625 430.349312 431.60875
Cucumber 125.51884799999999 430.32812500000006 191.47980800000002 624.359375
Cucumber 180.59264 440.57375 292.663296 624.359375
Cucumber 183.154688 370.77375 324.042752 571.849375
Cucumber 308.032512 311.859375 402.811904 559.6825
Cucumber 309.313536 551.998125 356.70323199999996 624.359375
Cucumber 365.668352 406.634375 448.280576 624.359375
Cucumber 393.20576 184.42625 466.85184000000004 365.65062500000005
Cucumber 393.20576 112.705 537.935872 256.788125
Cucumber 406.653952 365.65062500000005 469.413888 418.160625
Cucumber 436.75340800000004 306.736875 477.097984 376.53687499999995
Cucumber 441.87647999999996 247.8225 496.950272 314.42125
Cucumber 444.437504 385.501875 519.364608 624.359375
Cucumber 469.413888 260.63 519.364608 405.35375
Cucumber 469.413888 76.844375 523.206656 133.836875
Cucumber 504.63539199999997 112.705 615.425024 225.41
Cucumber 505.916416 334.2725 596.852736 515.496875
Cucumber 515.52256 154.32875 605.81888 314.42125
Cucumber 518.083584 490.5225 561.6312320000001 624.359375
Cucumber 549.4630400000001 292.008125 587.887616 379.098125
Cucumber 552.025088 166.495625 651.927552 324.026875
Cucumber 565.4732799999999 469.39062500000006 621.82912 624.359375
Cucumber 573.1584 331.71125 649.365504 453.38125
Cucumber 603.256832 144.083125 767.199232 277.92
Cucumber 605.81888 113.98562500000001 753.11104 206.839375
Cucumber 610.9419519999999 420.7225000000001 733.258752 512.935625
Cucumber 619.267072 554.559375 683.307008 623.07875
Cucumber 624.3901440000001 192.75125 771.0423040000001 313.14062500000006
Cucumber 635.917312 338.115 704.44032 464.2675
Cucumber 645.523456 494.365 708.282368 583.37625
Cucumber 671.77984 293.28875 808.184832 399.5899999999999
Cucumber 689.711104 486.680625 771.0423040000001 624.359375
Cucumber 703.159296 195.3125 818.432 314.42125
Cucumber 708.282368 375.25625 776.805376 479.63625
Cucumber 747.346944 536.629375 823.555072 624.359375
Cucumber 768.4802559999999 382.940625 828.6781440000001 529.585
Cucumber 781.928448 172.899375 908.7283199999999 299.0525
Cucumber 793.455616 224.129375 914.491392 364.36999999999995
Cucumber 803.0617599999999 90.291875 884.39296 205.558125
Cucumber 806.903808 275.35875 918.334464 434.17
Cucumber 812.027904 465.548125 902.3242240000001 624.359375
Cucumber 890.797056 381.6600000000001 1012.472832 479.63625
Cucumber 897.201152 178.0225 1009.910784 354.12375
Cucumber 910.6493439999999 324.026875 1007.34976 438.0125
