Strawberry 881.000448 373.999752 1000.9999359999999 527.000022
Strawberry 186.999808 146.000271 307.999744 223.00025999999997
Strawberry 316.000256 174.999975 373.00019199999997 251.000256
Strawberry 366.00012799999996 181.99997399999998 519.000064 307.999956
Strawberry 481.00044800000006 373.999752 627.9997440000001 520.000023
Strawberry 494.000128 209.99997 602.999808 377.99994599999997
Strawberry 522.999808 104.999985 664.999936 193.000167
Strawberry 544.0 351.000339 680.999936 464.999739
Strawberry 547.9997440000001 275.000058 704.0 403.999845
Strawberry 554.0003839999999 181.99997399999998 711.999488 266.99967
Strawberry 592.0 237.000258 696.999936 303.99976200000003
