Strawberry 105.411584 530.4053759999999 219.189248 637.490176
Strawberry 0.0 266.039296 81.98656 408.26163199999996
Strawberry 0.0 491.921408 112.104448 632.4705280000001
Strawberry 0.0 383.163392 113.77766399999999 518.692864
Strawberry 76.966912 282.771456 222.53567999999999 419.974144
Strawberry 80.313344 356.391936 269.385728 535.425024
Strawberry 249.30713599999999 423.32057599999996 436.706304 592.313344
Strawberry 317.908992 322.927616 433.359872 440.05273600000004
Strawberry 339.65977599999997 496.94105599999995 481.882112 662.588416
Strawberry 431.68665599999997 314.56256 560.5232639999999 423.32057599999996
Strawberry 435.03308799999996 394.875904 550.483968 525.385728
Strawberry 458.457088 512.0 644.18304 665.934848
Strawberry 523.7125120000001 351.37228799999997 694.3795200000001 481.882112
Strawberry 530.4053759999999 451.764224 701.0723839999999 582.274048
Strawberry 696.052736 555.503616 895.163392 714.457088
Strawberry 709.43744 471.842816 846.6401279999999 637.490176
Strawberry 726.1696 378.14374399999997 843.2936960000001 480.208896
Strawberry 829.908992 458.457088 970.4570880000001 597.332992
Strawberry 833.2544 394.875904 970.4570880000001 485.22854400000006
Strawberry 883.4508800000001 557.176832 1022.326784 744.574976
Strawberry 957.0723839999999 408.26163199999996 1022.326784 518.692864
Strawberry 962.091008 508.65356799999995 1022.326784 662.588416
