Strawberry 93.44 611.87087 168.96 689.955201
Strawberry 103.04 493.464868 209.92 577.949502
Strawberry 128.0 586.269658 201.6 658.592844
Strawberry 174.08 538.266989 273.92 638.1120330000001
Strawberry 213.76 638.1120330000001 268.16 682.914154
Strawberry 213.76 508.18532700000003 294.4 546.5879379999999
Strawberry 263.04 576.6688069999999 357.12 682.914154
Strawberry 277.76 521.6266770000001 347.52 575.388905
Strawberry 329.6 497.305367 377.6 562.588299
Strawberry 368.0 534.4272830000001 464.64 621.471721
Strawberry 378.88 621.471721 460.8 695.0748089999998
Strawberry 389.76 508.18532700000003 467.2 569.628553
Strawberry 433.28 580.5093059999999 482.56 659.8735389999999
