Strawberry 144.62833 404.48 289.897454 506.88
Strawberry 174.06601799999999 508.8 291.176998 624.0
Strawberry 212.46358 297.6 348.77283 419.84
Strawberry 215.663462 597.76 338.533412 750.08
Strawberry 284.137462 707.84 406.36866200000003 828.8
Strawberry 300.13687200000004 215.04 431.325902 346.24
Strawberry 378.85029 764.16 499.16115199999996 889.6
Strawberry 412.127632 159.36 522.199076 279.68
Strawberry 481.882198 788.48 597.0728399999999 910.72
Strawberry 517.079878 143.36 639.310056 259.2
Strawberry 574.6746880000001 732.16 710.9839380000001 876.16
Strawberry 618.1914479999999 199.68 735.302428 325.12
Strawberry 665.547862 666.24 786.498496 795.52
Strawberry 670.66706 272.64 814.015846 426.88
Strawberry 740.421626 587.52 880.5715519999999 724.48
Strawberry 763.460572 393.6 873.532016 510.72
Strawberry 792.89826 481.28 911.928556 615.68
