Strawberry 0.0 112.0 137.6 204.8
Strawberry 49.599488 188.8 172.8 304.0
Strawberry 96.0 44.8 163.2 134.4
Strawberry 152.00051200000001 4.800512 235.199488 96.0
Strawberry 166.4 252.8 300.8 308.799488
Strawberry 172.8 97.599488 246.4 192.0
Strawberry 216.00051200000001 75.199488 272.0 129.600512
Strawberry 217.6 152.00051200000001 315.200512 219.199488
Strawberry 235.199488 64.0 336.0 177.600512
Strawberry 246.4 6.4 334.39948799999996 83.2
Strawberry 292.799488 240.0 408.000512 315.200512
Strawberry 300.8 76.8 361.6 148.800512
Strawberry 307.2 123.19948799999999 384.0 198.4
Strawberry 340.799488 32.0 412.8 103.999488
Strawberry 395.200512 64.0 484.799488 158.399488
Strawberry 401.60051200000004 188.8 510.39948799999996 281.6
Strawberry 435.2 115.2 512.0 203.199488
Strawberry 764.8 771.2 998.4 999.999488
