Strawberry 456.96 229.375305 549.76 290.24289899999997
Strawberry 328.32 160.17852599999998 349.44 215.279551
Strawberry 339.84 108.28077099999999 384.64 144.801464
Strawberry 344.32 164.02245 363.52 189.010005
Strawberry 344.32 226.17135199999998 392.32 272.943875
Strawberry 346.88 176.19624199999998 388.48 220.405466
Strawberry 350.72 137.753587 391.04 172.351635
Strawberry 369.28 78.16730100000001 408.32 101.87354799999999
Strawberry 375.68 186.447389 421.76 227.45334300000002
Strawberry 383.36 226.17135199999998 410.88 252.440898
Strawberry 385.92 125.579795 405.76 160.81918
Strawberry 387.2 158.25588100000002 428.16 188.36935099999997
Strawberry 388.48 251.15959 437.12 285.11698399999995
Strawberry 395.52 241.549097 421.76 257.566813
Strawberry 417.28 174.914934 462.08 212.71693499999998
Strawberry 417.28 213.998243 465.92 249.878282
Strawberry 425.6 242.83040499999998 469.76 276.147145
Strawberry 440.96 258.848121 485.76 287.68028300000003
Strawberry 450.56 110.843387 481.92 138.394241
Strawberry 451.84 137.11225000000002 492.16 179.39951200000002
Strawberry 456.96 191.573304 509.44 244.11171300000004
Strawberry 478.08 378.66134700000003 490.88 406.212201
Strawberry 483.2 294.72815999999995 531.84 339.578038
Strawberry 483.2 104.43616399999999 540.8 129.423719
Strawberry 490.88 125.579795 539.52 169.789019
Strawberry 499.2 160.81918 555.52 193.495266
Strawberry 500.48 201.82445099999998 525.44 228.093997
Strawberry 512.0 181.96281100000002 563.2 221.04612
Strawberry 517.12 397.24167900000003 536.96 426.073841
Strawberry 518.4 241.549097 548.48 281.27306
Strawberry 519.68 320.997023 577.92 367.12820899999997
Strawberry 528.0 283.195022 580.48 330.60819899999996
Strawberry 533.12 222.32742799999997 563.2 251.800244
Strawberry 539.52 120.45388 577.92 165.944412
Strawberry 560.64 331.889507 613.12 376.098731
Strawberry 561.92 234.50122000000002 600.96 258.20746699999995
Strawberry 567.04 183.244119 618.24 229.375305
Strawberry 570.88 406.212201 590.72 434.403709
Strawberry 576.0 294.72815999999995 623.36 342.140654
Strawberry 576.0 158.25588100000002 630.4 208.23167400000003
Strawberry 598.4 118.531918 619.52 137.753587
Strawberry 598.4 239.626452 636.8 264.61469
Strawberry 600.96 285.757638 647.04 319.715715
Strawberry 602.24 123.657833 644.48 162.741142
Strawberry 604.16 176.19624199999998 652.16 190.29199599999998
Strawberry 605.44 338.29673 625.92 358.15836999999993
Strawberry 611.84 208.23167400000003 656.64 238.345144
Strawberry 613.12 148.64538800000003 654.72 178.758858
Strawberry 615.68 102.514202 652.16 144.801464
Strawberry 627.2 470.923719 652.16 485.01947300000006
Strawberry 628.48 240.90776 656.64 264.61469
Strawberry 640.64 440.81024899999994 661.76 470.923719
Strawberry 645.76 243.471059 669.44 263.33269900000005
Strawberry 645.76 192.21395800000002 677.12 228.093997
Strawberry 647.04 390.83513899999997 673.28 408.134163
Strawberry 649.6 127.50175699999998 691.84 160.17852599999998
Strawberry 653.44 166.585066 694.4 210.153636
Strawberry 653.44 225.530698 695.68 262.05139099999997
Strawberry 656.64 367.12820899999997 682.88 392.116447
Strawberry 663.04 370.9728160000001 740.48 424.79253300000005
Strawberry 668.16 362.00297699999993 712.96 415.82269400000007
Strawberry 670.72 335.733431 727.04 364.565593
Strawberry 677.12 124.939141 705.92 142.878819
Strawberry 679.68 344.70327 720.64 377.38003899999995
Strawberry 680.96 137.753587 728.32 183.884773
Strawberry 689.28 465.798487 707.2 490.78604199999995
Strawberry 691.84 194.13592 721.92 224.89004400000002
Strawberry 696.96 308.823914 727.04 324.200976
Strawberry 709.12 274.225183 761.6 310.10522199999997
Strawberry 712.96 164.02245 759.68 205.028404
Strawberry 715.52 359.439678 776.96 406.212201
Strawberry 719.36 211.434944 749.44 232.57857500000003
Strawberry 719.36 299.212738 755.84 342.78130799999997
Strawberry 720.64 141.597511 750.72 166.585066
Strawberry 724.48 398.52367 775.68 464.517179
Strawberry 743.04 310.10522199999997 771.84 353.03313799999995
Strawberry 748.16 490.78604199999995 762.88 522.18082
Strawberry 750.72 210.153636 787.84 236.42318200000003
Strawberry 761.6 173.632943 809.6 213.998243
Strawberry 761.6 404.930893 815.36 460.672572
Strawberry 778.24 266.536652 838.4 286.398975
Strawberry 782.08 374.8174230000001 838.4 415.82269400000007
Strawberry 783.36 351.110493 833.28 378.66134700000003
Strawberry 787.84 158.896535 823.04 201.183797
Strawberry 791.68 16.017716 825.6 43.56857
Strawberry 794.24 60.22694 823.04 94.82567099999999
Strawberry 794.24 515.773597 824.32 561.264812
Strawberry 795.52 282.554368 829.44 321.637677
Strawberry 798.08 210.153636 854.4 274.225183
Strawberry 800.64 443.373548 851.84 477.330942
Strawberry 805.76 502.31918 830.72 518.336896
Strawberry 812.16 434.403709 845.44 464.517179
Strawberry 816.64 64.071547 856.96 101.23289400000002
Strawberry 823.04 517.055588 848.0 533.713958
Strawberry 824.32 36.520693 853.12 61.508247999999995
Strawberry 826.88 17.299024 851.84 44.849878000000004
Strawberry 830.72 420.948609 885.76 474.768326
Strawberry 832.0 374.8174230000001 850.56 414.541386
Strawberry 840.32 325.482284 880.64 372.894778
Strawberry 851.84 241.549097 879.36 255.00351399999997
Strawberry 855.68 80.08926299999999 892.8 107.639434
Strawberry 856.96 357.517716 906.88 404.289556
Strawberry 860.8 394.679063 925.44 428.63714000000004
Strawberry 863.36 448.49878 913.28 481.175549
Strawberry 869.12 508.726403 896.64 544.605759
Strawberry 875.52 37.802001 908.16 65.993509
Strawberry 884.48 308.823914 931.84 353.03313799999995
Strawberry 887.04 98.669595 913.28 126.220449
Strawberry 888.32 419.66730100000007 951.68 473.48701800000003
Strawberry 894.08 10.251147 926.72 72.400732
Strawberry 895.36 288.961591 954.24 340.218692
Strawberry 899.2 64.071547 935.68 96.10697900000001
Strawberry 900.48 347.90722300000004 950.4 401.72694
Strawberry 906.88 83.933187 954.24 112.765349
Strawberry 908.16 545.246413 929.28 584.330405
Strawberry 909.44 123.657833 943.36 140.316203
Strawberry 915.84 496.552611 942.08 540.121181
Strawberry 917.12 107.639434 972.8 132.627672
Strawberry 939.52 354.9551 999.04 411.337433
Strawberry 945.28 329.96686200000005 988.16 372.894778
Strawberry 947.84 396.60102500000005 1004.16 446.576818
Strawberry 975.36 97.38828700000002 1000.32 122.375842
Strawberry 983.04 547.809712 1001.6 584.330405
Strawberry 983.04 119.813226 1002.88 130.065056
Strawberry 990.72 345.344607 1023.36 408.774817
Strawberry 992.0 492.708004 1023.36 546.528404
Strawberry 1001.6 433.76237199999997 1023.36 455.546657
Strawberry 1002.88 401.72694 1023.36 430.559102
