Strawberry 544.0 622.400512 684.8 750.400512
Strawberry 190.399488 636.8 352.0 756.799488
Strawberry 206.399488 657.599488 398.39948799999996 782.400512
Strawberry 209.600512 502.4 305.60051200000004 646.4
Strawberry 235.199488 555.200512 369.60051200000004 692.799488
Strawberry 238.399488 672.0 416.0 801.599488
Strawberry 358.4 516.799488 499.2 643.2
Strawberry 366.39948799999996 563.2 539.200512 667.200512
Strawberry 414.39948799999996 652.8 534.4 796.8
Strawberry 430.39948799999996 625.599488 550.4 769.599488
Strawberry 441.6 432.0 536.000512 574.400512
Strawberry 518.4 497.60051200000004 553.6 603.200512
Strawberry 542.400512 504.000512 598.4 678.4
Strawberry 544.0 737.599488 641.599488 814.400512
Strawberry 558.400512 440.000512 652.8 606.400512
Strawberry 585.6 766.400512 684.8 860.8
Strawberry 619.200512 472.000512 679.999488 632.000512
Strawberry 692.799488 656.0 774.4 865.5994880000001
