Strawberry 574.72 347.61064500000003 695.04 425.711025
Strawberry 157.44 365.53535999999997 274.56 497.40988500000003
Strawberry 172.8 258.62737500000003 234.88 307.28060999999997
Strawberry 175.36 303.439545 264.96 379.61901
Strawberry 227.2 274.63194 308.48 334.80760499999997
Strawberry 333.44 313.68213000000003 453.76 380.89962
Strawberry 360.32 379.61901 421.76 476.28441
Strawberry 455.04 224.69886 544.64 291.276045
Strawberry 467.84 295.75741500000004 538.88 371.93688000000003
Strawberry 513.92 176.68593 557.44 206.13384
Strawberry 527.36 91.54372500000001 603.52 122.91178500000001
Strawberry 543.36 252.22585500000002 638.08 354.65246999999994
Strawberry 610.56 224.69886 665.6 286.15513500000003
Strawberry 645.76 176.68593 753.92 249.66539999999998
Strawberry 693.12 207.41445000000002 808.96 270.79087499999997
Strawberry 707.84 325.84486499999997 864.64 453.87832499999996
Strawberry 761.6 266.309505 844.8 322.00379999999996
Strawberry 772.48 177.96654 865.92 232.38099
Strawberry 814.72 212.53535999999997 901.12 275.911785
Strawberry 827.52 250.94524500000003 956.8 350.81140500000004
