Strawberry 838.4 250.88025599999997 935.68 322.56
Strawberry 0.0 547.839744 216.96 767.360256
Strawberry 0.0 0.0 225.28 268.79999999999995
Strawberry 0.0 268.79999999999995 226.56 540.159744
Strawberry 220.8 0.0 480.0 267.519744
Strawberry 226.56 556.160256 503.04 767.360256
Strawberry 232.96 283.520256 505.6 542.7202560000001
Strawberry 493.44 17.919744 755.2 263.679744
Strawberry 508.16 263.679744 780.8 546.560256
Strawberry 518.4 554.88 813.44 767.360256
Strawberry 768.64 8.319744 1011.84 254.079744
Strawberry 798.72 251.52 1023.36 533.76
Strawberry 812.16 541.4399999999999 1023.36 767.360256
