Cabbage 398.72 330.60819899999996 487.68 399.80497799999995
Cabbage 402.56 398.52367 496.0 467.079795
Cabbage 411.52 293.446852 478.72 339.578038
Cabbage 451.2 260.770083 472.32 294.72815999999995
Cabbage 464.0 262.05139099999997 551.04 330.60819899999996
Cabbage 468.48 344.70327 552.32 414.541386
Cabbage 490.24 233.219229 587.52 281.913714
Cabbage 496.0 314.5898 590.08 381.864617
Cabbage 501.12 394.679063 591.36 464.517179
Cabbage 552.32 353.03313799999995 629.76 418.38530999999995
Cabbage 560.0 276.787799 637.44 345.985261
Cabbage 597.76 319.715715 678.4 372.254124
Cabbage 621.44 372.254124 682.24 424.79253300000005
