Strawberry 498.56 278.06910700000003 640.0 378.02069300000005
Strawberry 179.84 306.260615 400.64 416.46334800000005
Strawberry 181.12 401.72694 341.76 521.540166
Strawberry 296.96 463.875842 465.92 676.5927770000001
Strawberry 298.24 378.02069300000005 462.08 524.103465
Strawberry 327.04 203.746413 509.44 303.697999
Strawberry 394.24 278.710444 512.0 431.84041
Strawberry 442.24 495.27130300000005 479.36 546.528404
Strawberry 450.56 358.79902400000003 666.88 476.690288
Strawberry 467.2 471.56505599999997 620.8 666.9822839999999
Strawberry 512.0 169.148365 631.68 302.416691
Strawberry 526.72 392.757101 712.96 543.965105
Strawberry 630.4 265.255344 774.4 372.894778
Strawberry 659.2 335.09277699999996 867.84 463.875842
Strawberry 673.28 429.27779400000003 859.52 540.121181
