Strawberry 448.462995 616.96 539.437695 702.08
Strawberry 250.49912100000003 548.48 271.640373 622.08
Strawberry 259.46813699999996 595.84 303.032742 672.64
Strawberry 261.390069 529.28 304.954674 627.2
Strawberry 294.70437000000004 510.08 355.567176 588.8
Strawberry 297.90759 652.16 364.537005 704.64
Strawberry 340.19172 506.88 418.992558 597.76
Strawberry 352.363956 660.48 438.212691 732.16
Strawberry 406.82032200000003 672.64 485.62197299999997 721.92
Strawberry 426.040455 528.0 459.35475599999995 600.96
Strawberry 438.212691 557.44 522.139494 643.2
Strawberry 483.70004099999994 608.0 550.3286429999999 660.48
