Strawberry 220.000256 490.99982099999994 343.000064 636.000038
Strawberry 106.00038400000001 292.00025800000003 211.999744 388.000006
Strawberry 300.000256 372.99995999999993 391.999488 440.00021100000004
Strawberry 327.999488 465.00005999999996 435.00032000000004 581.000097
Strawberry 380.000256 350.99984700000005 460.000256 419.99992199999997
Strawberry 444.99967999999996 331.000241 561.000448 443.99985899999996
Strawberry 579.00032 359.999738 693.000192 460.999729
Strawberry 693.9996160000001 318.000019 823.000064 408.00029499999994
Strawberry 789.9996160000001 476.99968700000005 908.9996800000001 627.000147
Strawberry 807.000064 327.999822 878.999552 431.00031999999993
Strawberry 872.9999359999999 324.00017399999996 993.000448 426.999989
Strawberry 915.999744 471.000215 1022.999552 597.000055
