Cucumber 55.68 108.268104 154.24 145.42550699999998
Cucumber 103.04 104.42454000000001 204.16 138.377838
Cucumber 124.16 92.892486 244.48 130.69071
Cucumber 213.12 315.835542 685.44 552.2310719999999
Cucumber 252.8 57.016724999999994 368.0 85.845498
Cucumber 316.8 48.047954999999995 390.4 74.314125
Cucumber 337.92 39.079185 406.4 73.033164
Cucumber 362.88 201.801411 886.4 411.931452
Cucumber 449.28 172.972638 961.28 350.42966100000007
Cucumber 622.72 151.831674 936.32 237.03635100000002
Cucumber 671.36 137.096877 993.92 243.443199
