Strawberry 403.241984 461.80352 597.332992 694.3795200000001
Strawberry 120.470528 617.411584 282.771456 823.216128
Strawberry 219.189248 652.54912 513.673216 936.993792
Strawberry 269.385728 527.058944 446.744576 739.555328
Strawberry 302.850048 455.11065599999995 446.744576 602.3526400000001
Strawberry 349.699072 732.8624639999999 570.56256 997.2285439999999
Strawberry 493.594624 389.85625600000003 712.783872 567.216128
Strawberry 542.117888 567.216128 752.941056 793.09824
Strawberry 545.46432 721.149952 860.0258560000001 990.5356800000001
Strawberry 716.130304 565.542912 861.6990720000001 789.751808
