Strawberry 181.12 0.639744 763.52 401.91974400000004
Strawberry 0.0 0.0 181.76 66.560256
Strawberry 0.0 41.600255999999995 229.12 272.00025600000004
Strawberry 0.0 288.0 252.16 595.839744
Strawberry 16.64 507.519744 231.04 676.479744
Strawberry 58.88 688.640256 171.52 767.360256
Strawberry 177.92 590.7202560000001 424.32 767.360256
Strawberry 192.64 335.36025600000005 548.48 714.8797440000001
Strawberry 409.6 433.280256 573.44 707.199744
Strawberry 476.8 593.28 720.64 767.360256
Strawberry 570.88 343.040256 956.16 739.839744
Strawberry 592.0 284.799744 679.68 396.159744
Strawberry 631.04 232.32 788.48 344.319744
Strawberry 708.48 686.079744 893.44 767.360256
Strawberry 714.88 0.0 1023.36 113.28
Strawberry 721.28 149.76 1023.36 619.520256
Strawberry 844.8 578.559744 1023.36 767.360256
